<?xml version="1.0" encoding="utf-8"?>
<SimscapeMultibodyImportXML xmlns="urn:mathworks:SimscapeMultibody:import"
                            xmlns:xsi="http://www.w3.org/2001/XMLSchema-instance"
                            version="2.0">
   <Created by="Tony" from="Onshape" on="04/10/22||14:43:07"
            using="Simscape Multibody Exporter"/>
   <ModelUnits length="inch" mass="pound"/>
   <DataUnits length="meter" mass="kilogram"/>
   <RootAssembly name="Pitch Linkage, 7 ft" uid="5ee3e0475f02f8e1f387f045"
                 version="w-c8b2eb9226fbf412ec5f435b">
      <InstanceTree>
         <Instance entityUid="1bf89cfcc6ff5b336a95942e" name="PitchLink3 &lt;1&gt;"
                   uid="MPrKCxua639pJ4+OX">
            <Transform>
               <Rotation>1.000000000 0.000000000 0.000000000 0.000000000 1.000000000 0.000000000 0.000000000 0.000000000 1.000000000 </Rotation>
               <Translation>0.000000000 0.000000000 0.000000000 </Translation>
            </Transform>
            <Instance entityUid="ZpECz*:*8fe1d3edee677d54c2409327" name="Part 346 &lt;1&gt;"
                      rigidGroup="root-MPrKCxua639pJ4+OX.MGa9ndHyNFJ0mRw5x"
                      uid="MMLNHQ4ZL0+uDsW9T">
               <Transform>
                  <Rotation>1.000000000 -0.000000000 0.000000000 0.000000000 0.988373766 -0.152043742 -0.000000000 0.152043742 0.988373766 </Rotation>
                  <Translation>-0.000000000 0.003037976 0.027270960 </Translation>
               </Transform>
            </Instance>
            <Instance entityUid="ZoECX*:*8fe1d3edee677d54c2409327" name="Part 328 &lt;1&gt;"
                      rigidGroup="root-MPrKCxua639pJ4+OX.MGa9ndHyNFJ0mRw5x"
                      uid="MsleQXtL3s8c2xPaE">
               <Transform>
                  <Rotation>1.000000000 -0.000000000 0.000000000 0.000000000 0.988373766 -0.152043742 -0.000000000 0.152043742 0.988373766 </Rotation>
                  <Translation>-0.000000000 0.003037976 0.027270960 </Translation>
               </Transform>
            </Instance>
            <Instance entityUid="ZpECL*:*8fe1d3edee677d54c2409327" name="Screw, #10 3/4-in &lt;2&gt;"
                      rigidGroup="root-MPrKCxua639pJ4+OX.MGa9ndHyNFJ0mRw5x"
                      uid="MYsGV3Dtm6wkx3l4u">
               <Transform>
                  <Rotation>1.000000000 -0.000000000 0.000000000 0.000000000 0.988373766 -0.152043742 -0.000000000 0.152043742 0.988373766 </Rotation>
                  <Translation>-0.000000000 0.003037976 0.027270960 </Translation>
               </Transform>
            </Instance>
            <Instance entityUid="ZpECT*:*8fe1d3edee677d54c2409327" name="Washer, #10 &lt;2&gt;"
                      rigidGroup="root-MPrKCxua639pJ4+OX.MGa9ndHyNFJ0mRw5x"
                      uid="MrUzMW0lJwppyaUrq">
               <Transform>
                  <Rotation>1.000000000 -0.000000000 0.000000000 0.000000000 0.988373766 -0.152043742 -0.000000000 0.152043742 0.988373766 </Rotation>
                  <Translation>-0.000000000 0.003037976 0.027270960 </Translation>
               </Transform>
            </Instance>
            <Instance entityUid="ZGECz*:*8fe1d3edee677d54c2409327"
                      name="Spring Pin, 1/8-in OD, 1/4-in L &lt;31&gt;"
                      rigidGroup="root-MPrKCxua639pJ4+OX.MGa9ndHyNFJ0mRw5x"
                      uid="MnKAQp6cGsgGGrPN9">
               <Transform>
                  <Rotation>1.000000000 -0.000000000 0.000000000 0.000000000 0.988373766 -0.152043742 -0.000000000 0.152043742 0.988373766 </Rotation>
                  <Translation>-0.000000000 0.003037976 0.027270960 </Translation>
               </Transform>
            </Instance>
            <Instance entityUid="ZTGCD*:*8fe1d3edee677d54c2409327" name="Part 368 &lt;1&gt;"
                      rigidGroup="root-MPrKCxua639pJ4+OX.MGa9ndHyNFJ0mRw5x"
                      uid="M7tJBiayAc3b/20qb">
               <Transform>
                  <Rotation>1.000000000 -0.000000000 0.000000000 0.000000000 0.988373766 -0.152043742 -0.000000000 0.152043742 0.988373766 </Rotation>
                  <Translation>-0.000000000 0.003037976 0.027270960 </Translation>
               </Transform>
            </Instance>
            <Instance entityUid="ZJEC3*:*8fe1d3edee677d54c2409327"
                      name="Spring Pin, 1/8-in OD, 1/4-in L &lt;5&gt;"
                      rigidGroup="root-MPrKCxua639pJ4+OX.MGa9ndHyNFJ0mRw5x"
                      uid="MHSmNsnCbQIbySUcY">
               <Transform>
                  <Rotation>1.000000000 -0.000000000 0.000000000 0.000000000 0.988373766 -0.152043742 -0.000000000 0.152043742 0.988373766 </Rotation>
                  <Translation>-0.000000000 0.003037976 0.027270960 </Translation>
               </Transform>
            </Instance>
            <Instance entityUid="ZGECD*:*8fe1d3edee677d54c2409327" name="Bracket &lt;3&gt;"
                      rigidGroup="root-MPrKCxua639pJ4+OX.MGa9ndHyNFJ0mRw5x"
                      uid="MTLQyx4B1da32ZyAV">
               <Transform>
                  <Rotation>1.000000000 -0.000000000 0.000000000 0.000000000 0.988373766 -0.152043742 -0.000000000 0.152043742 0.988373766 </Rotation>
                  <Translation>-0.000000000 0.003037976 0.027270960 </Translation>
               </Transform>
            </Instance>
            <Instance entityUid="ZmBBf*:*8fe1d3edee677d54c2409327" name="Part 151 &lt;1&gt;"
                      rigidGroup="root-MPrKCxua639pJ4+OX.MGa9ndHyNFJ0mRw5x"
                      uid="M4YUlWpmbJPfAy6eR">
               <Transform>
                  <Rotation>1.000000000 -0.000000000 0.000000000 0.000000000 0.988373766 -0.152043742 -0.000000000 0.152043742 0.988373766 </Rotation>
                  <Translation>-0.000000000 0.003037976 0.027270960 </Translation>
               </Transform>
            </Instance>
            <Instance entityUid="ZvGCL*:*8fe1d3edee677d54c2409327"
                      name="Spring Pin, 1/8-in OD, 1/4-in L &lt;15&gt;"
                      rigidGroup="root-MPrKCxua639pJ4+OX.MGa9ndHyNFJ0mRw5x"
                      uid="MQfiePlmMBC13DbAC">
               <Transform>
                  <Rotation>1.000000000 -0.000000000 0.000000000 0.000000000 0.988373766 -0.152043742 -0.000000000 0.152043742 0.988373766 </Rotation>
                  <Translation>-0.000000000 0.003037976 0.027270960 </Translation>
               </Transform>
            </Instance>
            <Instance entityUid="ZkBBD*:*8fe1d3edee677d54c2409327" name="Part 144 &lt;1&gt;"
                      rigidGroup="root-MPrKCxua639pJ4+OX.MGa9ndHyNFJ0mRw5x"
                      uid="M6WBoAn0kLQiEY8e6">
               <Transform>
                  <Rotation>1.000000000 -0.000000000 0.000000000 0.000000000 0.988373766 -0.152043742 -0.000000000 0.152043742 0.988373766 </Rotation>
                  <Translation>-0.000000000 0.003037976 0.027270960 </Translation>
               </Transform>
            </Instance>
            <Instance entityUid="ZTHCT*:*8fe1d3edee677d54c2409327"
                      name="Spring Pin, 1/8-in OD, 1/4-in L &lt;37&gt;"
                      rigidGroup="root-MPrKCxua639pJ4+OX.MGa9ndHyNFJ0mRw5x"
                      uid="MMPbolum90OFVTnbE">
               <Transform>
                  <Rotation>1.000000000 -0.000000000 0.000000000 0.000000000 0.988373766 -0.152043742 -0.000000000 0.152043742 0.988373766 </Rotation>
                  <Translation>-0.000000000 0.003037976 0.027270960 </Translation>
               </Transform>
            </Instance>
            <Instance entityUid="ZYBBH*:*8fe1d3edee677d54c2409327" name="Screw, #10 3/4-in &lt;17&gt;"
                      rigidGroup="root-MPrKCxua639pJ4+OX.MGa9ndHyNFJ0mRw5x"
                      uid="M33PaYljs2rrbExyd">
               <Transform>
                  <Rotation>1.000000000 -0.000000000 0.000000000 0.000000000 0.988373766 -0.152043742 -0.000000000 0.152043742 0.988373766 </Rotation>
                  <Translation>-0.000000000 0.003037976 0.027270960 </Translation>
               </Transform>
            </Instance>
            <Instance entityUid="ZYBBX*:*8fe1d3edee677d54c2409327" name="Screw, #10 3/4-in &lt;20&gt;"
                      rigidGroup="root-MPrKCxua639pJ4+OX.MGa9ndHyNFJ0mRw5x"
                      uid="MROdrSsfHlZltpGro">
               <Transform>
                  <Rotation>1.000000000 -0.000000000 0.000000000 0.000000000 0.988373766 -0.152043742 -0.000000000 0.152043742 0.988373766 </Rotation>
                  <Translation>-0.000000000 0.003037976 0.027270960 </Translation>
               </Transform>
            </Instance>
            <Instance entityUid="ZJECX*:*8fe1d3edee677d54c2409327"
                      name="Spring Pin, 1/8-in OD, 1/4-in L &lt;3&gt;"
                      rigidGroup="root-MPrKCxua639pJ4+OX.MGa9ndHyNFJ0mRw5x"
                      uid="M6W2bsFaFtaxgjYH5">
               <Transform>
                  <Rotation>1.000000000 -0.000000000 0.000000000 0.000000000 0.988373766 -0.152043742 -0.000000000 0.152043742 0.988373766 </Rotation>
                  <Translation>-0.000000000 0.003037976 0.027270960 </Translation>
               </Transform>
            </Instance>
            <Instance entityUid="ZTHCX*:*8fe1d3edee677d54c2409327" name="Part 412 &lt;1&gt;"
                      rigidGroup="root-MPrKCxua639pJ4+OX.MGa9ndHyNFJ0mRw5x"
                      uid="M4aQyBwk6C7fu9MV/">
               <Transform>
                  <Rotation>1.000000000 -0.000000000 0.000000000 0.000000000 0.988373766 -0.152043742 -0.000000000 0.152043742 0.988373766 </Rotation>
                  <Translation>-0.000000000 0.003037976 0.027270960 </Translation>
               </Transform>
            </Instance>
            <Instance entityUid="Z2BBD*:*8fe1d3edee677d54c2409327" name="Part 188 &lt;1&gt;"
                      rigidGroup="root-MPrKCxua639pJ4+OX.MGa9ndHyNFJ0mRw5x"
                      uid="MPDGa0VnyI1W6FT5S">
               <Transform>
                  <Rotation>1.000000000 -0.000000000 0.000000000 0.000000000 0.988373766 -0.152043742 -0.000000000 0.152043742 0.988373766 </Rotation>
                  <Translation>-0.000000000 0.003037976 0.027270960 </Translation>
               </Transform>
            </Instance>
            <Instance entityUid="aoBBXB*:*8fe1d3edee677d54c2409327" name="Part 177 &lt;1&gt;"
                      rigidGroup="root-MPrKCxua639pJ4+OX.MGa9ndHyNFJ0mRw5x"
                      uid="M4L9+RXiU19uMu9fI">
               <Transform>
                  <Rotation>1.000000000 -0.000000000 0.000000000 0.000000000 0.988373766 -0.152043742 -0.000000000 0.152043742 0.988373766 </Rotation>
                  <Translation>-0.000000000 0.003037976 0.027270960 </Translation>
               </Transform>
            </Instance>
            <Instance entityUid="ZOHCX*:*8fe1d3edee677d54c2409327" name="Part 406 &lt;1&gt;"
                      rigidGroup="root-MPrKCxua639pJ4+OX.MGa9ndHyNFJ0mRw5x"
                      uid="MA6qrDmyzJnP9iwQx">
               <Transform>
                  <Rotation>1.000000000 -0.000000000 0.000000000 0.000000000 0.988373766 -0.152043742 -0.000000000 0.152043742 0.988373766 </Rotation>
                  <Translation>-0.000000000 0.003037976 0.027270960 </Translation>
               </Transform>
            </Instance>
            <Instance entityUid="ZTHCD*:*8fe1d3edee677d54c2409327"
                      name="Spring Pin, 1/8-in OD, 1/4-in L &lt;33&gt;"
                      rigidGroup="root-MPrKCxua639pJ4+OX.MGa9ndHyNFJ0mRw5x"
                      uid="Mxjp0vXy9n2zwUPch">
               <Transform>
                  <Rotation>1.000000000 -0.000000000 0.000000000 0.000000000 0.988373766 -0.152043742 -0.000000000 0.152043742 0.988373766 </Rotation>
                  <Translation>-0.000000000 0.003037976 0.027270960 </Translation>
               </Transform>
            </Instance>
            <Instance entityUid="ZpECn*:*8fe1d3edee677d54c2409327" name="Part 343 &lt;1&gt;"
                      rigidGroup="root-MPrKCxua639pJ4+OX.MGa9ndHyNFJ0mRw5x"
                      uid="MFiCo2zJ3+h/v5V4w">
               <Transform>
                  <Rotation>1.000000000 -0.000000000 0.000000000 0.000000000 0.988373766 -0.152043742 -0.000000000 0.152043742 0.988373766 </Rotation>
                  <Translation>-0.000000000 0.003037976 0.027270960 </Translation>
               </Transform>
            </Instance>
            <Instance entityUid="Z7GCT*:*8fe1d3edee677d54c2409327"
                      name="Spring Pin, 1/8-in OD, 1/4-in L &lt;21&gt;"
                      rigidGroup="root-MPrKCxua639pJ4+OX.MGa9ndHyNFJ0mRw5x"
                      uid="Mh9at/RK/tJ+VdKwS">
               <Transform>
                  <Rotation>1.000000000 -0.000000000 0.000000000 0.000000000 0.988373766 -0.152043742 -0.000000000 0.152043742 0.988373766 </Rotation>
                  <Translation>-0.000000000 0.003037976 0.027270960 </Translation>
               </Transform>
            </Instance>
            <Instance entityUid="ZmBBr*:*8fe1d3edee677d54c2409327" name="Part 154 &lt;1&gt;"
                      rigidGroup="root-MPrKCxua639pJ4+OX.MGa9ndHyNFJ0mRw5x"
                      uid="MiX15+Tr+KNvD2teT">
               <Transform>
                  <Rotation>1.000000000 -0.000000000 0.000000000 0.000000000 0.988373766 -0.152043742 -0.000000000 0.152043742 0.988373766 </Rotation>
                  <Translation>-0.000000000 0.003037976 0.027270960 </Translation>
               </Transform>
            </Instance>
            <Instance entityUid="ZoECH*:*8fe1d3edee677d54c2409327" name="Screw, #10 3/4-in &lt;8&gt;"
                      rigidGroup="root-MPrKCxua639pJ4+OX.MGa9ndHyNFJ0mRw5x"
                      uid="MrYIZEvztnOx6lzK2">
               <Transform>
                  <Rotation>1.000000000 -0.000000000 0.000000000 0.000000000 0.988373766 -0.152043742 -0.000000000 0.152043742 0.988373766 </Rotation>
                  <Translation>-0.000000000 0.003037976 0.027270960 </Translation>
               </Transform>
            </Instance>
            <Instance entityUid="ZvGCH*:*8fe1d3edee677d54c2409327"
                      name="Spring Pin, 1/8-in OD, 1/4-in L &lt;14&gt;"
                      rigidGroup="root-MPrKCxua639pJ4+OX.MGa9ndHyNFJ0mRw5x"
                      uid="MAAuHmWPmqWDBOy1r">
               <Transform>
                  <Rotation>1.000000000 -0.000000000 0.000000000 0.000000000 0.988373766 -0.152043742 -0.000000000 0.152043742 0.988373766 </Rotation>
                  <Translation>-0.000000000 0.003037976 0.027270960 </Translation>
               </Transform>
            </Instance>
            <Instance entityUid="ZuBBD*:*8fe1d3edee677d54c2409327" name="Part 186 &lt;1&gt;"
                      rigidGroup="root-MPrKCxua639pJ4+OX.MGa9ndHyNFJ0mRw5x"
                      uid="MWzBEE5I0jDYVZ2LY">
               <Transform>
                  <Rotation>1.000000000 -0.000000000 0.000000000 0.000000000 0.988373766 -0.152043742 -0.000000000 0.152043742 0.988373766 </Rotation>
                  <Translation>-0.000000000 0.003037976 0.027270960 </Translation>
               </Transform>
            </Instance>
            <Instance entityUid="ZoBBT*:*8fe1d3edee677d54c2409327" name="Washer, #10 &lt;12&gt;"
                      rigidGroup="root-MPrKCxua639pJ4+OX.MGa9ndHyNFJ0mRw5x"
                      uid="McIJwfYYV54Fs2nF1">
               <Transform>
                  <Rotation>1.000000000 -0.000000000 0.000000000 0.000000000 0.988373766 -0.152043742 -0.000000000 0.152043742 0.988373766 </Rotation>
                  <Translation>-0.000000000 0.003037976 0.027270960 </Translation>
               </Transform>
            </Instance>
            <Instance entityUid="ZJEC/*:*8fe1d3edee677d54c2409327" name="Set Screw, #4 1/4 in &lt;2&gt;"
                      rigidGroup="root-MPrKCxua639pJ4+OX.MGa9ndHyNFJ0mRw5x"
                      uid="MP8MQtTyl9tjfC1Tr">
               <Transform>
                  <Rotation>1.000000000 -0.000000000 0.000000000 0.000000000 0.988373766 -0.152043742 -0.000000000 0.152043742 0.988373766 </Rotation>
                  <Translation>-0.000000000 0.003037976 0.027270960 </Translation>
               </Transform>
            </Instance>
            <Instance entityUid="ZFGCX*:*8fe1d3edee677d54c2409327" name="Part 365 &lt;1&gt;"
                      rigidGroup="root-MPrKCxua639pJ4+OX.MGa9ndHyNFJ0mRw5x"
                      uid="MOJ9e9eeoO9F/rxwE">
               <Transform>
                  <Rotation>1.000000000 -0.000000000 0.000000000 0.000000000 0.988373766 -0.152043742 -0.000000000 0.152043742 0.988373766 </Rotation>
                  <Translation>-0.000000000 0.003037976 0.027270960 </Translation>
               </Transform>
            </Instance>
            <Instance entityUid="ZmBBH*:*8fe1d3edee677d54c2409327" name="Part 150 &lt;1&gt;"
                      rigidGroup="root-MPrKCxua639pJ4+OX.MGa9ndHyNFJ0mRw5x"
                      uid="MGwS1Haf2rDpzejih">
               <Transform>
                  <Rotation>1.000000000 -0.000000000 0.000000000 0.000000000 0.988373766 -0.152043742 -0.000000000 0.152043742 0.988373766 </Rotation>
                  <Translation>-0.000000000 0.003037976 0.027270960 </Translation>
               </Transform>
            </Instance>
            <Instance entityUid="ZUECD*:*8fe1d3edee677d54c2409327" name="Part 319 &lt;1&gt;"
                      rigidGroup="root-MPrKCxua639pJ4+OX.MGa9ndHyNFJ0mRw5x"
                      uid="MxRopiBhkY3QfYPYm">
               <Transform>
                  <Rotation>1.000000000 -0.000000000 0.000000000 0.000000000 0.988373766 -0.152043742 -0.000000000 0.152043742 0.988373766 </Rotation>
                  <Translation>-0.000000000 0.003037976 0.027270960 </Translation>
               </Transform>
            </Instance>
            <Instance entityUid="aoBBHB*:*8fe1d3edee677d54c2409327" name="Part 173 &lt;1&gt;"
                      rigidGroup="root-MPrKCxua639pJ4+OX.MGa9ndHyNFJ0mRw5x"
                      uid="M4tlF4ulgHPKXy2cy">
               <Transform>
                  <Rotation>1.000000000 -0.000000000 0.000000000 0.000000000 0.988373766 -0.152043742 -0.000000000 0.152043742 0.988373766 </Rotation>
                  <Translation>-0.000000000 0.003037976 0.027270960 </Translation>
               </Transform>
            </Instance>
            <Instance entityUid="Z9BBT*:*8fe1d3edee677d54c2409327" name="Part 197 &lt;1&gt;"
                      rigidGroup="root-MPrKCxua639pJ4+OX.MGa9ndHyNFJ0mRw5x"
                      uid="MPFhj970543okMREl">
               <Transform>
                  <Rotation>1.000000000 -0.000000000 0.000000000 0.000000000 0.988373766 -0.152043742 -0.000000000 0.152043742 0.988373766 </Rotation>
                  <Translation>-0.000000000 0.003037976 0.027270960 </Translation>
               </Transform>
            </Instance>
            <Instance entityUid="Rarr*:*8fe1d3edee677d54c2409327"
                      name="Spring Pin, 1/8-in OD, 1/4-in L &lt;12&gt;"
                      rigidGroup="root-MPrKCxua639pJ4+OX.MGa9ndHyNFJ0mRw5x"
                      uid="MvjKZf8TYiR/wu1yi">
               <Transform>
                  <Rotation>1.000000000 -0.000000000 0.000000000 0.000000000 0.988373766 -0.152043742 -0.000000000 0.152043742 0.988373766 </Rotation>
                  <Translation>-0.000000000 0.003037976 0.027270960 </Translation>
               </Transform>
            </Instance>
            <Instance entityUid="ZoECP*:*8fe1d3edee677d54c2409327" name="Washer, #10 &lt;8&gt;"
                      rigidGroup="root-MPrKCxua639pJ4+OX.MGa9ndHyNFJ0mRw5x"
                      uid="MFHBJ3afFweuBTTkH">
               <Transform>
                  <Rotation>1.000000000 -0.000000000 0.000000000 0.000000000 0.988373766 -0.152043742 -0.000000000 0.152043742 0.988373766 </Rotation>
                  <Translation>-0.000000000 0.003037976 0.027270960 </Translation>
               </Transform>
            </Instance>
            <Instance entityUid="aoBBTB*:*8fe1d3edee677d54c2409327" name="Part 176 &lt;1&gt;"
                      rigidGroup="root-MPrKCxua639pJ4+OX.MGa9ndHyNFJ0mRw5x"
                      uid="MA/Z0RjcSUBrNLJf6">
               <Transform>
                  <Rotation>1.000000000 -0.000000000 0.000000000 0.000000000 0.988373766 -0.152043742 -0.000000000 0.152043742 0.988373766 </Rotation>
                  <Translation>-0.000000000 0.003037976 0.027270960 </Translation>
               </Transform>
            </Instance>
            <Instance entityUid="aoBBDB*:*8fe1d3edee677d54c2409327" name="Part 172 &lt;1&gt;"
                      rigidGroup="root-MPrKCxua639pJ4+OX.MGa9ndHyNFJ0mRw5x"
                      uid="MTaHkR92JOYhRAbLZ">
               <Transform>
                  <Rotation>1.000000000 -0.000000000 0.000000000 0.000000000 0.988373766 -0.152043742 -0.000000000 0.152043742 0.988373766 </Rotation>
                  <Translation>-0.000000000 0.003037976 0.027270960 </Translation>
               </Transform>
            </Instance>
            <Instance entityUid="ZOHCD*:*8fe1d3edee677d54c2409327"
                      name="Spring Pin, 1/8-in OD, 1/4-in L &lt;38&gt;"
                      rigidGroup="root-MPrKCxua639pJ4+OX.MGa9ndHyNFJ0mRw5x"
                      uid="MTmdsi55eENJebrYX">
               <Transform>
                  <Rotation>1.000000000 -0.000000000 0.000000000 0.000000000 0.988373766 -0.152043742 -0.000000000 0.152043742 0.988373766 </Rotation>
                  <Translation>-0.000000000 0.003037976 0.027270960 </Translation>
               </Transform>
            </Instance>
            <Instance entityUid="ZpBBP*:*8fe1d3edee677d54c2409327" name="forward_torso_l &lt;1&gt;"
                      rigidGroup="root-MPrKCxua639pJ4+OX.MGa9ndHyNFJ0mRw5x"
                      uid="MJ//7c5MUYu0CXaQU">
               <Transform>
                  <Rotation>1.000000000 -0.000000000 0.000000000 0.000000000 0.988373766 -0.152043742 -0.000000000 0.152043742 0.988373766 </Rotation>
                  <Translation>-0.000000000 0.003037976 0.027270960 </Translation>
               </Transform>
            </Instance>
            <Instance entityUid="ZzGCD*:*8fe1d3edee677d54c2409327"
                      name="Spring Pin, 1/8-in OD, 1/4-in L &lt;7&gt;"
                      rigidGroup="root-MPrKCxua639pJ4+OX.MGa9ndHyNFJ0mRw5x"
                      uid="M8DFX1YAA0g2HaCXa">
               <Transform>
                  <Rotation>1.000000000 -0.000000000 0.000000000 0.000000000 0.988373766 -0.152043742 -0.000000000 0.152043742 0.988373766 </Rotation>
                  <Translation>-0.000000000 0.003037976 0.027270960 </Translation>
               </Transform>
            </Instance>
            <Instance entityUid="ZpEC/*:*8fe1d3edee677d54c2409327" name="Part 349 &lt;1&gt;"
                      rigidGroup="root-MPrKCxua639pJ4+OX.MGa9ndHyNFJ0mRw5x"
                      uid="MjrcvbRMPOHfWWhdy">
               <Transform>
                  <Rotation>1.000000000 -0.000000000 0.000000000 0.000000000 0.988373766 -0.152043742 -0.000000000 0.152043742 0.988373766 </Rotation>
                  <Translation>-0.000000000 0.003037976 0.027270960 </Translation>
               </Transform>
            </Instance>
            <Instance entityUid="ZTHCP*:*8fe1d3edee677d54c2409327"
                      name="Spring Pin, 1/8-in OD, 1/4-in L &lt;36&gt;"
                      rigidGroup="root-MPrKCxua639pJ4+OX.MGa9ndHyNFJ0mRw5x"
                      uid="MoyzFJLzcuTM3Nl2L">
               <Transform>
                  <Rotation>1.000000000 -0.000000000 0.000000000 0.000000000 0.988373766 -0.152043742 -0.000000000 0.152043742 0.988373766 </Rotation>
                  <Translation>-0.000000000 0.003037976 0.027270960 </Translation>
               </Transform>
            </Instance>
            <Instance entityUid="ZFGCH*:*8fe1d3edee677d54c2409327" name="Part 361 &lt;1&gt;"
                      rigidGroup="root-MPrKCxua639pJ4+OX.MGa9ndHyNFJ0mRw5x"
                      uid="MCvxRngdqhe6wu9oj">
               <Transform>
                  <Rotation>1.000000000 -0.000000000 0.000000000 0.000000000 0.988373766 -0.152043742 -0.000000000 0.152043742 0.988373766 </Rotation>
                  <Translation>-0.000000000 0.003037976 0.027270960 </Translation>
               </Transform>
            </Instance>
            <Instance entityUid="ZTGCX*:*8fe1d3edee677d54c2409327" name="Part 373 &lt;1&gt;"
                      rigidGroup="root-MPrKCxua639pJ4+OX.MGa9ndHyNFJ0mRw5x"
                      uid="MOFj1ZkPyIVLEu+sz">
               <Transform>
                  <Rotation>1.000000000 -0.000000000 0.000000000 0.000000000 0.988373766 -0.152043742 -0.000000000 0.152043742 0.988373766 </Rotation>
                  <Translation>-0.000000000 0.003037976 0.027270960 </Translation>
               </Transform>
            </Instance>
            <Instance entityUid="ZpEC3*:*8fe1d3edee677d54c2409327" name="Washer, #10 &lt;5&gt;"
                      rigidGroup="root-MPrKCxua639pJ4+OX.MGa9ndHyNFJ0mRw5x"
                      uid="MRheev+LNXSNEkXtf">
               <Transform>
                  <Rotation>1.000000000 -0.000000000 0.000000000 0.000000000 0.988373766 -0.152043742 -0.000000000 0.152043742 0.988373766 </Rotation>
                  <Translation>-0.000000000 0.003037976 0.027270960 </Translation>
               </Transform>
            </Instance>
            <Instance entityUid="ZJGCH*:*8fe1d3edee677d54c2409327" name="Part 367 &lt;1&gt;"
                      rigidGroup="root-MPrKCxua639pJ4+OX.MGa9ndHyNFJ0mRw5x"
                      uid="M3VdKv9mYSe9jARXe">
               <Transform>
                  <Rotation>1.000000000 -0.000000000 0.000000000 0.000000000 0.988373766 -0.152043742 -0.000000000 0.152043742 0.988373766 </Rotation>
                  <Translation>-0.000000000 0.003037976 0.027270960 </Translation>
               </Transform>
            </Instance>
            <Instance entityUid="Z7GCD*:*8fe1d3edee677d54c2409327"
                      name="Spring Pin, 1/8-in OD, 1/4-in L &lt;17&gt;"
                      rigidGroup="root-MPrKCxua639pJ4+OX.MGa9ndHyNFJ0mRw5x"
                      uid="M7qFGAR4Sd77eDa15">
               <Transform>
                  <Rotation>1.000000000 -0.000000000 0.000000000 0.000000000 0.988373766 -0.152043742 -0.000000000 0.152043742 0.988373766 </Rotation>
                  <Translation>-0.000000000 0.003037976 0.027270960 </Translation>
               </Transform>
            </Instance>
            <Instance entityUid="ZFGCL*:*8fe1d3edee677d54c2409327" name="Part 362 &lt;1&gt;"
                      rigidGroup="root-MPrKCxua639pJ4+OX.MGa9ndHyNFJ0mRw5x"
                      uid="MO2iyVEVaoEIHYlGM">
               <Transform>
                  <Rotation>1.000000000 -0.000000000 0.000000000 0.000000000 0.988373766 -0.152043742 -0.000000000 0.152043742 0.988373766 </Rotation>
                  <Translation>-0.000000000 0.003037976 0.027270960 </Translation>
               </Transform>
            </Instance>
            <Instance entityUid="ZpECH*:*8fe1d3edee677d54c2409327" name="Washer, #10 &lt;1&gt;"
                      rigidGroup="root-MPrKCxua639pJ4+OX.MGa9ndHyNFJ0mRw5x"
                      uid="Md9z55bxqVhzIVMbD">
               <Transform>
                  <Rotation>1.000000000 -0.000000000 0.000000000 0.000000000 0.988373766 -0.152043742 -0.000000000 0.152043742 0.988373766 </Rotation>
                  <Translation>-0.000000000 0.003037976 0.027270960 </Translation>
               </Transform>
            </Instance>
            <Instance entityUid="ZzGCP*:*8fe1d3edee677d54c2409327"
                      name="Spring Pin, 1/8-in OD, 1/4-in L &lt;10&gt;"
                      rigidGroup="root-MPrKCxua639pJ4+OX.MGa9ndHyNFJ0mRw5x"
                      uid="MlGpd9yDypO0NdiIw">
               <Transform>
                  <Rotation>1.000000000 -0.000000000 0.000000000 0.000000000 0.988373766 -0.152043742 -0.000000000 0.152043742 0.988373766 </Rotation>
                  <Translation>-0.000000000 0.003037976 0.027270960 </Translation>
               </Transform>
            </Instance>
            <Instance entityUid="ZFGCD*:*8fe1d3edee677d54c2409327" name="Part 360 &lt;1&gt;"
                      rigidGroup="root-MPrKCxua639pJ4+OX.MGa9ndHyNFJ0mRw5x"
                      uid="MFyrS9Et0k+GPNXtv">
               <Transform>
                  <Rotation>1.000000000 -0.000000000 0.000000000 0.000000000 0.988373766 -0.152043742 -0.000000000 0.152043742 0.988373766 </Rotation>
                  <Translation>-0.000000000 0.003037976 0.027270960 </Translation>
               </Transform>
            </Instance>
            <Instance entityUid="ZpECX*:*8fe1d3edee677d54c2409327" name="Screw, #10 3/4-in &lt;3&gt;"
                      rigidGroup="root-MPrKCxua639pJ4+OX.MGa9ndHyNFJ0mRw5x"
                      uid="MaFrAWxH2IZB1rS4T">
               <Transform>
                  <Rotation>1.000000000 -0.000000000 0.000000000 0.000000000 0.988373766 -0.152043742 -0.000000000 0.152043742 0.988373766 </Rotation>
                  <Translation>-0.000000000 0.003037976 0.027270960 </Translation>
               </Transform>
            </Instance>
            <Instance entityUid="ZGECL*:*8fe1d3edee677d54c2409327"
                      name="Spring Pin, 1/8-in OD, 1/4-in L &lt;23&gt;"
                      rigidGroup="root-MPrKCxua639pJ4+OX.MGa9ndHyNFJ0mRw5x"
                      uid="MsItp7GQJ4t0+Mtr+">
               <Transform>
                  <Rotation>1.000000000 -0.000000000 0.000000000 0.000000000 0.988373766 -0.152043742 -0.000000000 0.152043742 0.988373766 </Rotation>
                  <Translation>-0.000000000 0.003037976 0.027270960 </Translation>
               </Transform>
            </Instance>
            <Instance entityUid="ZpECv*:*8fe1d3edee677d54c2409327" name="Screw, #10 3/4-in &lt;5&gt;"
                      rigidGroup="root-MPrKCxua639pJ4+OX.MGa9ndHyNFJ0mRw5x"
                      uid="MSaX1Tsdvi5nhdITh">
               <Transform>
                  <Rotation>1.000000000 -0.000000000 0.000000000 0.000000000 0.988373766 -0.152043742 -0.000000000 0.152043742 0.988373766 </Rotation>
                  <Translation>-0.000000000 0.003037976 0.027270960 </Translation>
               </Transform>
            </Instance>
            <Instance entityUid="ZoBBn*:*8fe1d3edee677d54c2409327" name="Screw, #10 3/4-in &lt;14&gt;"
                      rigidGroup="root-MPrKCxua639pJ4+OX.MGa9ndHyNFJ0mRw5x"
                      uid="MLxDvUcXK+oURiqdl">
               <Transform>
                  <Rotation>1.000000000 -0.000000000 0.000000000 0.000000000 0.988373766 -0.152043742 -0.000000000 0.152043742 0.988373766 </Rotation>
                  <Translation>-0.000000000 0.003037976 0.027270960 </Translation>
               </Transform>
            </Instance>
            <Instance entityUid="ZpECb*:*8fe1d3edee677d54c2409327" name="Part 340 &lt;1&gt;"
                      rigidGroup="root-MPrKCxua639pJ4+OX.MGa9ndHyNFJ0mRw5x"
                      uid="MfY5J13GuidVznaMV">
               <Transform>
                  <Rotation>1.000000000 -0.000000000 0.000000000 0.000000000 0.988373766 -0.152043742 -0.000000000 0.152043742 0.988373766 </Rotation>
                  <Translation>-0.000000000 0.003037976 0.027270960 </Translation>
               </Transform>
            </Instance>
            <Instance entityUid="ZoECb*:*8fe1d3edee677d54c2409327" name="Washer, #10 &lt;9&gt;"
                      rigidGroup="root-MPrKCxua639pJ4+OX.MGa9ndHyNFJ0mRw5x"
                      uid="MaAMsZfpgIqsXKqjD">
               <Transform>
                  <Rotation>1.000000000 -0.000000000 0.000000000 0.000000000 0.988373766 -0.152043742 -0.000000000 0.152043742 0.988373766 </Rotation>
                  <Translation>-0.000000000 0.003037976 0.027270960 </Translation>
               </Transform>
            </Instance>
            <Instance entityUid="Z9BBD*:*8fe1d3edee677d54c2409327" name="Part 193 &lt;1&gt;"
                      rigidGroup="root-MPrKCxua639pJ4+OX.MGa9ndHyNFJ0mRw5x"
                      uid="MXv86zxOfr97OO/N6">
               <Transform>
                  <Rotation>1.000000000 -0.000000000 0.000000000 0.000000000 0.988373766 -0.152043742 -0.000000000 0.152043742 0.988373766 </Rotation>
                  <Translation>-0.000000000 0.003037976 0.027270960 </Translation>
               </Transform>
            </Instance>
            <Instance entityUid="ZYBBf*:*8fe1d3edee677d54c2409327" name="Screw, #10 3/4-in &lt;19&gt;"
                      rigidGroup="root-MPrKCxua639pJ4+OX.MGa9ndHyNFJ0mRw5x"
                      uid="M8i/0CBkkkIJR3y7F">
               <Transform>
                  <Rotation>1.000000000 -0.000000000 0.000000000 0.000000000 0.988373766 -0.152043742 -0.000000000 0.152043742 0.988373766 </Rotation>
                  <Translation>-0.000000000 0.003037976 0.027270960 </Translation>
               </Transform>
            </Instance>
            <Instance entityUid="ZTGCP*:*8fe1d3edee677d54c2409327" name="Part 371 &lt;1&gt;"
                      rigidGroup="root-MPrKCxua639pJ4+OX.MGa9ndHyNFJ0mRw5x"
                      uid="MzzXnFyj+4qvwFUra">
               <Transform>
                  <Rotation>1.000000000 -0.000000000 0.000000000 0.000000000 0.988373766 -0.152043742 -0.000000000 0.152043742 0.988373766 </Rotation>
                  <Translation>-0.000000000 0.003037976 0.027270960 </Translation>
               </Transform>
            </Instance>
            <Instance entityUid="ZGEC7*:*8fe1d3edee677d54c2409327" name="Set Screw, #4 1/4 in &lt;4&gt;"
                      rigidGroup="root-MPrKCxua639pJ4+OX.MGa9ndHyNFJ0mRw5x"
                      uid="MRQ2jn+NnAg3YYE47">
               <Transform>
                  <Rotation>1.000000000 -0.000000000 0.000000000 0.000000000 0.988373766 -0.152043742 -0.000000000 0.152043742 0.988373766 </Rotation>
                  <Translation>-0.000000000 0.003037976 0.027270960 </Translation>
               </Transform>
            </Instance>
            <Instance entityUid="ZvGCP*:*8fe1d3edee677d54c2409327"
                      name="Spring Pin, 1/8-in OD, 1/4-in L &lt;16&gt;"
                      rigidGroup="root-MPrKCxua639pJ4+OX.MGa9ndHyNFJ0mRw5x"
                      uid="MJ+KKJBLtOQGniXps">
               <Transform>
                  <Rotation>1.000000000 -0.000000000 0.000000000 0.000000000 0.988373766 -0.152043742 -0.000000000 0.152043742 0.988373766 </Rotation>
                  <Translation>-0.000000000 0.003037976 0.027270960 </Translation>
               </Transform>
            </Instance>
            <Instance entityUid="ZYBBD*:*8fe1d3edee677d54c2409327" name="Washer, #10 &lt;17&gt;"
                      rigidGroup="root-MPrKCxua639pJ4+OX.MGa9ndHyNFJ0mRw5x"
                      uid="MLeo7nZ7Wk3a7n2/n">
               <Transform>
                  <Rotation>1.000000000 -0.000000000 0.000000000 0.000000000 0.988373766 -0.152043742 -0.000000000 0.152043742 0.988373766 </Rotation>
                  <Translation>-0.000000000 0.003037976 0.027270960 </Translation>
               </Transform>
            </Instance>
            <Instance entityUid="ZFGCP*:*8fe1d3edee677d54c2409327" name="Part 363 &lt;1&gt;"
                      rigidGroup="root-MPrKCxua639pJ4+OX.MGa9ndHyNFJ0mRw5x"
                      uid="MI0gwZCHncJTIK2WH">
               <Transform>
                  <Rotation>1.000000000 -0.000000000 0.000000000 0.000000000 0.988373766 -0.152043742 -0.000000000 0.152043742 0.988373766 </Rotation>
                  <Translation>-0.000000000 0.003037976 0.027270960 </Translation>
               </Transform>
            </Instance>
            <Instance entityUid="ZmECD*:*8fe1d3edee677d54c2409327" name="Part 322 &lt;1&gt;"
                      rigidGroup="root-MPrKCxua639pJ4+OX.MGa9ndHyNFJ0mRw5x"
                      uid="MwwCcKiJrELCkTgc2">
               <Transform>
                  <Rotation>1.000000000 -0.000000000 0.000000000 0.000000000 0.988373766 -0.152043742 -0.000000000 0.152043742 0.988373766 </Rotation>
                  <Translation>-0.000000000 0.003037976 0.027270960 </Translation>
               </Transform>
            </Instance>
            <Instance entityUid="ZoBB/*:*8fe1d3edee677d54c2409327" name="Part 171 &lt;1&gt;"
                      rigidGroup="root-MPrKCxua639pJ4+OX.MGa9ndHyNFJ0mRw5x"
                      uid="Mfj+/B+IYjU9y1Cck">
               <Transform>
                  <Rotation>1.000000000 -0.000000000 0.000000000 0.000000000 0.988373766 -0.152043742 -0.000000000 0.152043742 0.988373766 </Rotation>
                  <Translation>-0.000000000 0.003037976 0.027270960 </Translation>
               </Transform>
            </Instance>
            <Instance entityUid="ZYBBb*:*8fe1d3edee677d54c2409327" name="Washer, #10 &lt;20&gt;"
                      rigidGroup="root-MPrKCxua639pJ4+OX.MGa9ndHyNFJ0mRw5x"
                      uid="MKhM6T5RhcIdyHOMt">
               <Transform>
                  <Rotation>1.000000000 -0.000000000 0.000000000 0.000000000 0.988373766 -0.152043742 -0.000000000 0.152043742 0.988373766 </Rotation>
                  <Translation>-0.000000000 0.003037976 0.027270960 </Translation>
               </Transform>
            </Instance>
            <Instance entityUid="ZhECH*:*8fe1d3edee677d54c2409327" name="Screw, #10 3/4-in &lt;7&gt;"
                      rigidGroup="root-MPrKCxua639pJ4+OX.MGa9ndHyNFJ0mRw5x"
                      uid="ME+JvMKmfgfs1b6Be">
               <Transform>
                  <Rotation>1.000000000 -0.000000000 0.000000000 0.000000000 0.988373766 -0.152043742 -0.000000000 0.152043742 0.988373766 </Rotation>
                  <Translation>-0.000000000 0.003037976 0.027270960 </Translation>
               </Transform>
            </Instance>
            <Instance entityUid="ZoBB7*:*8fe1d3edee677d54c2409327" name="Part 170 &lt;1&gt;"
                      rigidGroup="root-MPrKCxua639pJ4+OX.MGa9ndHyNFJ0mRw5x"
                      uid="MW8LoYRxZYbZ+5wb8">
               <Transform>
                  <Rotation>1.000000000 -0.000000000 0.000000000 0.000000000 0.988373766 -0.152043742 -0.000000000 0.152043742 0.988373766 </Rotation>
                  <Translation>-0.000000000 0.003037976 0.027270960 </Translation>
               </Transform>
            </Instance>
            <Instance entityUid="ZoBBz*:*8fe1d3edee677d54c2409327" name="Part 168 &lt;1&gt;"
                      rigidGroup="root-MPrKCxua639pJ4+OX.MGa9ndHyNFJ0mRw5x"
                      uid="MFXsoHS+Gv+pkaNWs">
               <Transform>
                  <Rotation>1.000000000 -0.000000000 0.000000000 0.000000000 0.988373766 -0.152043742 -0.000000000 0.152043742 0.988373766 </Rotation>
                  <Translation>-0.000000000 0.003037976 0.027270960 </Translation>
               </Transform>
            </Instance>
            <Instance entityUid="ZJECL*:*8fe1d3edee677d54c2409327" name="Bracket &lt;1&gt;"
                      rigidGroup="root-MPrKCxua639pJ4+OX.MGa9ndHyNFJ0mRw5x"
                      uid="MwmEs0bPUcYwQlmCO">
               <Transform>
                  <Rotation>1.000000000 -0.000000000 0.000000000 0.000000000 0.988373766 -0.152043742 -0.000000000 0.152043742 0.988373766 </Rotation>
                  <Translation>-0.000000000 0.003037976 0.027270960 </Translation>
               </Transform>
            </Instance>
            <Instance entityUid="Z/GCL*:*8fe1d3edee677d54c2409327"
                      name="Spring Pin, 1/8-in OD, 1/4-in L &lt;27&gt;"
                      rigidGroup="root-MPrKCxua639pJ4+OX.MGa9ndHyNFJ0mRw5x"
                      uid="M1bEKTaWj0vXZTUhl">
               <Transform>
                  <Rotation>1.000000000 -0.000000000 0.000000000 0.000000000 0.988373766 -0.152043742 -0.000000000 0.152043742 0.988373766 </Rotation>
                  <Translation>-0.000000000 0.003037976 0.027270960 </Translation>
               </Transform>
