<?xml version="1.0" encoding="utf-8"?>
<SimscapeMultibodyImportXML xmlns="urn:mathworks:SimscapeMultibody:import"
                            xmlns:xsi="http://www.w3.org/2001/XMLSchema-instance"
                            version="2.0">
   <Created by="Tony" from="Onshape" on="04/10/22||00:34:10"
            using="Simscape Multibody Exporter"/>
   <ModelUnits length="inch" mass="pound"/>
   <DataUnits length="meter" mass="kilogram"/>
   <RootAssembly name="Tail Linkage, 7 ft" uid="79e3ff9a2e1f477c548f761e"
                 version="w-c8b2eb9226fbf412ec5f435b">
      <InstanceTree>
         <Instance entityUid="5b57c7443198088c9e9ba025" name="Tail Actuator 1 &lt;1&gt;"
                   uid="MdJTZJ+KxlRUv4Y06">
            <Transform>
               <Rotation>1.000000000 0.000000000 0.000000000 0.000000000 1.000000000 0.000000000 0.000000000 0.000000000 1.000000000 </Rotation>
               <Translation>0.000000000 0.000000000 0.000000000 </Translation>
            </Transform>
            <Instance entityUid="Z7ebL*:*0867159aaf4afdabdb8e2bc3" name="Part 42 &lt;1&gt;"
                      rigidGroup="root-MdJTZJ+KxlRUv4Y06.MgKrlXHMjpr96TXKc"
                      uid="M70yqPEznR4mfOUzQ">
               <Transform>
                  <Rotation>1.000000000 0.000000000 0.000000000 0.000000000 -0.999717450 0.023770163 0.000000000 -0.023770163 -0.999717450 </Rotation>
                  <Translation>-0.457200000 -0.407411822 -0.116083796 </Translation>
               </Transform>
            </Instance>
            <Instance entityUid="Z7ebb*:*0867159aaf4afdabdb8e2bc3" name="Part 46 &lt;1&gt;"
                      rigidGroup="root-MdJTZJ+KxlRUv4Y06.MwlVtyivYIjXZrrCx"
                      uid="MraSKVJUPSgivpMxG">
               <Transform>
                  <Rotation>1.000000000 0.000000000 0.000000000 0.000000000 -0.999717450 0.023770163 0.000000000 -0.023770163 -0.999717450 </Rotation>
                  <Translation>-0.457200000 -0.458111854 -0.110492583 </Translation>
               </Transform>
            </Instance>
            <Instance entityUid="Z7ebf*:*0867159aaf4afdabdb8e2bc3" name="Part 47 &lt;1&gt;"
                      rigidGroup="root-MdJTZJ+KxlRUv4Y06.MwlVtyivYIjXZrrCx"
                      uid="M16UHu92MEyj0EBBM">
               <Transform>
                  <Rotation>1.000000000 0.000000000 0.000000000 0.000000000 -0.999717450 0.023770163 0.000000000 -0.023770163 -0.999717450 </Rotation>
                  <Translation>-0.457200000 -0.458111854 -0.110492583 </Translation>
               </Transform>
            </Instance>
            <Instance entityUid="Z+ebH*:*0867159aaf4afdabdb8e2bc3" name="Part 52 &lt;1&gt;"
                      rigidGroup="root-MdJTZJ+KxlRUv4Y06.MgKrlXHMjpr96TXKc"
                      uid="MnAPfypkC9pbQBa2n">
               <Transform>
                  <Rotation>1.000000000 0.000000000 0.000000000 0.000000000 -0.999717450 0.023770163 0.000000000 -0.023770163 -0.999717450 </Rotation>
                  <Translation>-0.457200000 -0.407411822 -0.116083796 </Translation>
               </Transform>
            </Instance>
            <Instance entityUid="Z7ebr*:*0867159aaf4afdabdb8e2bc3" name="Part 50 &lt;1&gt;"
                      rigidGroup="root-MdJTZJ+KxlRUv4Y06.MwlVtyivYIjXZrrCx"
                      uid="MLl4frcKUlpNJMZzu">
               <Transform>
                  <Rotation>1.000000000 0.000000000 0.000000000 0.000000000 -0.999717450 0.023770163 0.000000000 -0.023770163 -0.999717450 </Rotation>
                  <Translation>-0.457200000 -0.458111854 -0.110492583 </Translation>
               </Transform>
            </Instance>
            <Instance entityUid="Z7ebT*:*0867159aaf4afdabdb8e2bc3" grounded="true" name="Part 44 &lt;1&gt;"
                      rigidGroup="root-MdJTZJ+KxlRUv4Y06.MwlVtyivYIjXZrrCx"
                      uid="MdkpocdnnJ1718pcz">
               <Transform>
                  <Rotation>1.000000000 0.000000000 0.000000000 0.000000000 -0.999717450 0.023770163 0.000000000 -0.023770163 -0.999717450 </Rotation>
                  <Translation>-0.457200000 -0.458111854 -0.110492583 </Translation>
               </Transform>
            </Instance>
            <Instance entityUid="Z7ebP*:*0867159aaf4afdabdb8e2bc3" name="Part 43 &lt;1&gt;"
                      rigidGroup="root-MdJTZJ+KxlRUv4Y06.MwlVtyivYIjXZrrCx"
                      uid="MMK6AOgzry/F51J7e">
               <Transform>
                  <Rotation>1.000000000 0.000000000 0.000000000 0.000000000 -0.999717450 0.023770163 0.000000000 -0.023770163 -0.999717450 </Rotation>
                  <Translation>-0.457200000 -0.458111854 -0.110492583 </Translation>
               </Transform>
            </Instance>
            <Instance entityUid="Z7ebH*:*0867159aaf4afdabdb8e2bc3" name="Part 41 &lt;1&gt;"
                      rigidGroup="root-MdJTZJ+KxlRUv4Y06.MgKrlXHMjpr96TXKc"
                      uid="MoP2loxN90B1Uwlin">
               <Transform>
                  <Rotation>1.000000000 0.000000000 0.000000000 0.000000000 -0.999717450 0.023770163 0.000000000 -0.023770163 -0.999717450 </Rotation>
                  <Translation>-0.457200000 -0.407411822 -0.116083796 </Translation>
               </Transform>
            </Instance>
            <Instance entityUid="Z7ebn*:*0867159aaf4afdabdb8e2bc3" name="Part 49 &lt;1&gt;"
                      rigidGroup="root-MdJTZJ+KxlRUv4Y06.MgKrlXHMjpr96TXKc"
                      uid="M/Dxn6fpgHd3PyvA/">
               <Transform>
                  <Rotation>1.000000000 0.000000000 0.000000000 0.000000000 -0.999717450 0.023770163 0.000000000 -0.023770163 -0.999717450 </Rotation>
                  <Translation>-0.457200000 -0.407411822 -0.116083796 </Translation>
               </Transform>
            </Instance>
            <Instance entityUid="Z7ebj*:*0867159aaf4afdabdb8e2bc3" name="Part 48 &lt;1&gt;"
                      rigidGroup="root-MdJTZJ+KxlRUv4Y06.MwlVtyivYIjXZrrCx"
                      uid="Mf1p9WZcJ91BBSP1g">
               <Transform>
                  <Rotation>1.000000000 0.000000000 0.000000000 0.000000000 -0.999717450 0.023770163 0.000000000 -0.023770163 -0.999717450 </Rotation>
                  <Translation>-0.457200000 -0.458111854 -0.110492583 </Translation>
               </Transform>
            </Instance>
            <Instance entityUid="Z7ebD*:*0867159aaf4afdabdb8e2bc3" name="Part 40 &lt;1&gt;"
                      rigidGroup="root-MdJTZJ+KxlRUv4Y06.MgKrlXHMjpr96TXKc"
                      uid="MCEP1wODgPTZ0zGbU">
               <Transform>
                  <Rotation>1.000000000 0.000000000 0.000000000 0.000000000 -0.999717450 0.023770163 0.000000000 -0.023770163 -0.999717450 </Rotation>
                  <Translation>-0.457200000 -0.407411822 -0.116083796 </Translation>
               </Transform>
            </Instance>
            <Instance entityUid="Z7ebv*:*0867159aaf4afdabdb8e2bc3" name="Part 51 &lt;1&gt;"
                      rigidGroup="root-MdJTZJ+KxlRUv4Y06.MgKrlXHMjpr96TXKc"
                      uid="Mo5wZ3my09Vcm59Ro">
               <Transform>
                  <Rotation>1.000000000 0.000000000 0.000000000 0.000000000 -0.999717450 0.023770163 0.000000000 -0.023770163 -0.999717450 </Rotation>
                  <Translation>-0.457200000 -0.407411822 -0.116083796 </Translation>
               </Transform>
            </Instance>
            <Instance entityUid="Z7ebX*:*0867159aaf4afdabdb8e2bc3" name="Part 45 &lt;1&gt;"
                      rigidGroup="root-MdJTZJ+KxlRUv4Y06.MwlVtyivYIjXZrrCx"
                      uid="MteBkToZr1yggtFk1">
               <Transform>
                  <Rotation>1.000000000 0.000000000 0.000000000 0.000000000 -0.999717450 0.023770163 0.000000000 -0.023770163 -0.999717450 </Rotation>
                  <Translation>-0.457200000 -0.458111854 -0.110492583 </Translation>
               </Transform>
            </Instance>
         </Instance>
         <Instance entityUid="056d8aec26600103d0e74a01" name="Tail Actuator 2 &lt;1&gt;"
                   uid="M9qSolafeb+1i5uoD">
            <Transform>
               <Rotation>1.000000000 0.000000000 0.000000000 0.000000000 1.000000000 0.000000000 0.000000000 0.000000000 1.000000000 </Rotation>
               <Translation>-0.325273128 1.122354652 -0.088470114 </Translation>
            </Transform>
            <Instance entityUid="ZUebH*:*0867159aaf4afdabdb8e2bc3" name="Part 27 &lt;1&gt;"
                      rigidGroup="root-M9qSolafeb+1i5uoD.Mv5hZnGDCj9h4kqSX"
                      uid="MUjxxZTasCIfcXiTd">
               <Transform>
                  <Rotation>1.000000000 0.000000000 0.000000000 0.000000000 -0.986294531 0.164994238 0.000000000 -0.164994238 -0.986294531 </Rotation>
                  <Translation>0.020473128 -1.199478126 -0.109576894 </Translation>
               </Transform>
            </Instance>
            <Instance entityUid="ZUebr*:*0867159aaf4afdabdb8e2bc3" name="Part 35 &lt;1&gt;"
                      rigidGroup="root-M9qSolafeb+1i5uoD.Mv5hZnGDCj9h4kqSX"
                      uid="MgiwAYZL2ny/O71zK">
               <Transform>
                  <Rotation>1.000000000 0.000000000 0.000000000 0.000000000 -0.986294531 0.164994238 0.000000000 -0.164994238 -0.986294531 </Rotation>
                  <Translation>0.020473128 -1.199478126 -0.109576894 </Translation>
               </Transform>
            </Instance>
            <Instance entityUid="ZnebD*:*0867159aaf4afdabdb8e2bc3" name="Part 38 &lt;1&gt;"
                      rigidGroup="root-M9qSolafeb+1i5uoD.Mv5hZnGDCj9h4kqSX"
                      uid="MRsFjteJu4yfNkxJj">
               <Transform>
                  <Rotation>1.000000000 0.000000000 0.000000000 0.000000000 -0.986294531 0.164994238 0.000000000 -0.164994238 -0.986294531 </Rotation>
                  <Translation>0.020473128 -1.199478126 -0.109576894 </Translation>
               </Transform>
            </Instance>
            <Instance entityUid="ZUebn*:*0867159aaf4afdabdb8e2bc3" name="Part 34 &lt;1&gt;"
                      rigidGroup="root-M9qSolafeb+1i5uoD.MCtgzBZfLBQBZtvRK"
                      uid="MS/gTB73C3/4mgOq0">
               <Transform>
                  <Rotation>1.000000000 0.000000000 0.000000000 0.000000000 -0.986294531 0.164994238 0.000000000 -0.164994238 -0.986294531 </Rotation>
                  <Translation>0.020473128 -1.207991884 -0.109850648 </Translation>
               </Transform>
            </Instance>
            <Instance entityUid="ZUebb*:*0867159aaf4afdabdb8e2bc3" name="Part 32 &lt;1&gt;"
                      rigidGroup="root-M9qSolafeb+1i5uoD.MCtgzBZfLBQBZtvRK"
                      uid="MMZ4AlWk8rkU1JNJ3">
               <Transform>
                  <Rotation>1.000000000 0.000000000 0.000000000 0.000000000 -0.986294531 0.164994238 0.000000000 -0.164994238 -0.986294531 </Rotation>
                  <Translation>0.020473128 -1.207991884 -0.109850648 </Translation>
               </Transform>
            </Instance>
            <Instance entityUid="ZUebf*:*0867159aaf4afdabdb8e2bc3" name="Part 33 &lt;1&gt;"
                      rigidGroup="root-M9qSolafeb+1i5uoD.MCtgzBZfLBQBZtvRK"
                      uid="MFk3nXn+ZL1WjSKwQ">
               <Transform>
                  <Rotation>1.000000000 0.000000000 0.000000000 0.000000000 -0.986294531 0.164994238 0.000000000 -0.164994238 -0.986294531 </Rotation>
                  <Translation>0.020473128 -1.207991884 -0.109850648 </Translation>
               </Transform>
            </Instance>
            <Instance entityUid="ZUebL*:*0867159aaf4afdabdb8e2bc3" name="Part 28 &lt;1&gt;"
                      rigidGroup="root-M9qSolafeb+1i5uoD.Mv5hZnGDCj9h4kqSX"
                      uid="My2ThtVXepvs/Lt2h">
               <Transform>
                  <Rotation>1.000000000 0.000000000 0.000000000 0.000000000 -0.986294531 0.164994238 0.000000000 -0.164994238 -0.986294531 </Rotation>
                  <Translation>0.020473128 -1.199478126 -0.109576894 </Translation>
               </Transform>
            </Instance>
            <Instance entityUid="ZUebv*:*0867159aaf4afdabdb8e2bc3" name="Part 36 &lt;1&gt;"
                      rigidGroup="root-M9qSolafeb+1i5uoD.MCtgzBZfLBQBZtvRK"
                      uid="MYmSc9qqtupWX+R7V">
               <Transform>
                  <Rotation>1.000000000 0.000000000 0.000000000 0.000000000 -0.986294531 0.164994238 0.000000000 -0.164994238 -0.986294531 </Rotation>
                  <Translation>0.020473128 -1.207991884 -0.109850648 </Translation>
               </Transform>
            </Instance>
            <Instance entityUid="ZUebX*:*0867159aaf4afdabdb8e2bc3" name="Part 31 &lt;1&gt;"
                      rigidGroup="root-M9qSolafeb+1i5uoD.MCtgzBZfLBQBZtvRK"
                      uid="MSxssMC/QVvdopDav">
               <Transform>
                  <Rotation>1.000000000 0.000000000 0.000000000 0.000000000 -0.986294531 0.164994238 0.000000000 -0.164994238 -0.986294531 </Rotation>
                  <Translation>0.020473128 -1.207991884 -0.109850648 </Translation>
               </Transform>
            </Instance>
            <Instance entityUid="ZUebP*:*0867159aaf4afdabdb8e2bc3" name="Part 29 &lt;1&gt;"
                      rigidGroup="root-M9qSolafeb+1i5uoD.MCtgzBZfLBQBZtvRK"
                      uid="Maxwz+Pgr48Buunrv">
               <Transform>
                  <Rotation>1.000000000 0.000000000 0.000000000 0.000000000 -0.986294531 0.164994238 0.000000000 -0.164994238 -0.986294531 </Rotation>
                  <Translation>0.020473128 -1.207991884 -0.109850648 </Translation>
               </Transform>
            </Instance>
            <Instance entityUid="ZUebT*:*0867159aaf4afdabdb8e2bc3" grounded="true" name="Part 30 &lt;1&gt;"
                      rigidGroup="root-M9qSolafeb+1i5uoD.MCtgzBZfLBQBZtvRK"
                      uid="MvesD3Sc06v3IPDNZ">
               <Transform>
                  <Rotation>1.000000000 0.000000000 0.000000000 0.000000000 -0.986294531 0.164994238 0.000000000 -0.164994238 -0.986294531 </Rotation>
                  <Translation>0.020473128 -1.207991884 -0.109850648 </Translation>
               </Transform>
            </Instance>
            <Instance entityUid="ZUebz*:*0867159aaf4afdabdb8e2bc3" name="Part 37 &lt;1&gt;"
                      rigidGroup="root-M9qSolafeb+1i5uoD.Mv5hZnGDCj9h4kqSX"
                      uid="MymAPu+6rlYM2vaPy">
               <Transform>
                  <Rotation>1.000000000 0.000000000 0.000000000 0.000000000 -0.986294531 0.164994238 0.000000000 -0.164994238 -0.986294531 </Rotation>
                  <Translation>0.020473128 -1.199478126 -0.109576894 </Translation>
               </Transform>
            </Instance>
            <Instance entityUid="Z0ebD*:*0867159aaf4afdabdb8e2bc3" name="Part 39 &lt;1&gt;"
                      rigidGroup="root-M9qSolafeb+1i5uoD.Mv5hZnGDCj9h4kqSX"
                      uid="MjdmK8IIpLqaK9jcc">
               <Transform>
                  <Rotation>1.000000000 0.000000000 0.000000000 0.000000000 -0.986294531 0.164994238 0.000000000 -0.164994238 -0.986294531 </Rotation>
                  <Translation>0.020473128 -1.199478126 -0.109576894 </Translation>
               </Transform>
            </Instance>
         </Instance>
         <Instance entityUid="d66acb62b8686c332ee0144d" name="Tail Linkage, Pt.2, 7 ft &lt;1&gt;"
                   uid="MZKsxN0cnnTZ7XWCt">
            <Transform>
               <Rotation>1.000000000 0.000000000 0.000000000 0.000000000 1.000000000 0.000000000 0.000000000 0.000000000 1.000000000 </Rotation>
               <Translation>0.000000000 0.000000000 0.000000000 </Translation>
            </Transform>
            <Instance entityUid="RO3b*:*538ce93aa65d88c9de771143" name="Bracket &lt;11&gt;"
                      rigidGroup="root-MZKsxN0cnnTZ7XWCt.M/luf84+itbERnW04"
                      uid="MaKBglpM3/z3PPoeq">
               <Transform>
                  <Rotation>1.000000000 0.000000000 -0.000000000 -0.000000000 0.970715427 0.240232304 0.000000000 -0.240232304 0.970715427 </Rotation>
                  <Translation>-0.000000000 0.033784015 0.238562534 </Translation>
               </Transform>
            </Instance>
            <Instance entityUid="Ro1L*:*538ce93aa65d88c9de771143" name="Screw, #8 1/2 in &lt;1&gt;"
                      rigidGroup="root-MZKsxN0cnnTZ7XWCt.MfDSjZd77UcAyta11"
                      uid="MQMQCSH0ZJVkhHrLh">
               <Transform>
                  <Rotation>1.000000000 0.000000000 -0.000000000 0.000000000 0.997751771 -0.067017939 -0.000000000 0.067017939 0.997751771 </Rotation>
                  <Translation>-0.000000000 0.007203597 -0.004416072 </Translation>
               </Transform>
            </Instance>
            <Instance entityUid="RO33*:*538ce93aa65d88c9de771143" name="Lock tabs &lt;1&gt;"
                      rigidGroup="root-MZKsxN0cnnTZ7XWCt.M/luf84+itbERnW04"
                      uid="MgUfShKgPMAPIx6kh">
               <Transform>
                  <Rotation>1.000000000 0.000000000 -0.000000000 -0.000000000 0.970715427 0.240232304 0.000000000 -0.240232304 0.970715427 </Rotation>
                  <Translation>-0.000000000 0.033784015 0.238562534 </Translation>
               </Transform>
            </Instance>
            <Instance entityUid="ZOMDz*:*77faeddc003adba5d8099293" name="link8r &lt;1&gt;"
                      rigidGroup="root-MZKsxN0cnnTZ7XWCt.MoQp2y1cd/WGrHj14"
                      uid="M4HOj+fSllvSFHyhK">
               <Transform>
                  <Rotation>1.000000000 0.000000000 -0.000000000 -0.000000000 0.988615814 0.150461864 0.000000000 -0.150461864 0.988615814 </Rotation>
                  <Translation>-0.000000000 0.014919604 0.164782766 </Translation>
               </Transform>
            </Instance>
            <Instance entityUid="ZOMDr*:*77faeddc003adba5d8099293" name="link7r &lt;1&gt;"
                      rigidGroup="root-MZKsxN0cnnTZ7XWCt.MR3ejMb8J9HxbZk8J"
                      uid="M+HmCn71y7N389op5">
               <Transform>
                  <Rotation>1.000000000 0.000000000 0.000000000 -0.000000000 0.998897687 0.046940504 0.000000000 -0.046940504 0.998897687 </Rotation>
                  <Translation>-0.000000000 0.003942230 0.082520370 </Translation>
               </Transform>
            </Instance>
            <Instance entityUid="RO3/*:*538ce93aa65d88c9de771143" name="Screw, #8 1/2 in &lt;1&gt;"
                      rigidGroup="root-MZKsxN0cnnTZ7XWCt.M/luf84+itbERnW04"
                      uid="MaXy/k6+RNCbeAF2S">
               <Transform>
                  <Rotation>1.000000000 0.000000000 -0.000000000 -0.000000000 0.970715427 0.240232304 0.000000000 -0.240232304 0.970715427 </Rotation>
                  <Translation>-0.000000000 0.033784015 0.238562534 </Translation>
               </Transform>
            </Instance>
            <Instance entityUid="RE2L*:*538ce93aa65d88c9de771143"
                      name="Spring Pin, 1/8-in OD, 1/4-in L &lt;4&gt;"
                      rigidGroup="root-MZKsxN0cnnTZ7XWCt.Mia/u+HqJxxaAi3D2"
                      uid="MVe0CUF8Kg9FoUoyG">
               <Transform>
                  <Rotation>1.000000000 0.000000000 0.000000000 -0.000000000 0.987656671 0.156634290 0.000000000 -0.156634290 0.987656671 </Rotation>
                  <Translation>-0.000000000 0.017510846 0.167993902 </Translation>
               </Transform>
            </Instance>
            <Instance entityUid="Rn3H*:*538ce93aa65d88c9de771143" name="Washer, #8 &lt;1&gt;"
                      rigidGroup="root-MZKsxN0cnnTZ7XWCt.Mia/u+HqJxxaAi3D2"
                      uid="MNOeCVqWSMPQR2iDE">
               <Transform>
                  <Rotation>1.000000000 0.000000000 0.000000000 -0.000000000 0.987656671 0.156634290 0.000000000 -0.156634290 0.987656671 </Rotation>
                  <Translation>-0.000000000 0.017510846 0.167993902 </Translation>
               </Transform>
            </Instance>
            <Instance entityUid="R30b*:*538ce93aa65d88c9de771143"
                      name="Spring Pin, 1/8-in OD, 1/4-in L &lt;22&gt;"
                      rigidGroup="root-MZKsxN0cnnTZ7XWCt.MfDSjZd77UcAyta11"
                      uid="MbOX7TiQIEYz7lqx7">
               <Transform>
                  <Rotation>1.000000000 0.000000000 -0.000000000 0.000000000 0.997751771 -0.067017939 -0.000000000 0.067017939 0.997751771 </Rotation>
                  <Translation>-0.000000000 0.007203597 -0.004416072 </Translation>
               </Transform>
            </Instance>
            <Instance entityUid="ZNMDb*:*77faeddc003adba5d8099293" name="braces3 &lt;3&gt;"
                      rigidGroup="root-MZKsxN0cnnTZ7XWCt.M2wpaJxCWgFGU0tlo"
                      uid="MSElA2992m8SRGr/W">
               <Transform>
                  <Rotation>1.000000000 0.000000000 -0.000000000 0.000000000 0.998897687 0.046940504 0.000000000 -0.046940504 0.998897687 </Rotation>
                  <Translation>-0.000000000 0.003942230 0.082520370 </Translation>
               </Transform>
            </Instance>
            <Instance entityUid="Rg0D*:*538ce93aa65d88c9de771143" name="Lock tabs &lt;1&gt;"
                      rigidGroup="root-MZKsxN0cnnTZ7XWCt.MfDSjZd77UcAyta11"
                      uid="MdTPEE1q4i2Hy/Imp">
               <Transform>
                  <Rotation>1.000000000 0.000000000 -0.000000000 0.000000000 0.997751771 -0.067017939 -0.000000000 0.067017939 0.997751771 </Rotation>
                  <Translation>-0.000000000 0.007203597 -0.004416072 </Translation>
               </Transform>
            </Instance>
            <Instance entityUid="Rc1L*:*538ce93aa65d88c9de771143"
                      name="Spring Pin, 1/8-in OD, 1/4-in L &lt;17&gt;"
                      rigidGroup="root-MZKsxN0cnnTZ7XWCt.MArXLJxS0n2f57N/M"
                      uid="MaFcOpE/M0JMogPy7">
               <Transform>
                  <Rotation>1.000000000 0.000000000 -0.000000000 -0.000000000 0.998770571 0.049571634 0.000000000 -0.049571634 0.998770571 </Rotation>
                  <Translation>0.000000000 0.006889088 0.081774172 </Translation>
               </Transform>
            </Instance>
            <Instance entityUid="Rsyj*:*538ce93aa65d88c9de771143" name="Set Screw, #4 1/4 in &lt;11&gt;"
                      rigidGroup="root-MZKsxN0cnnTZ7XWCt.MGAH8m6uhCktBUolU"
                      uid="Ma+wYKRCFDKqqrv39">
               <Transform>
                  <Rotation>1.000000000 -0.000000000 0.000000000 0.000000000 0.983785262 -0.179350376 -0.000000000 0.179350376 0.983785262 </Rotation>
                  <Translation>-0.000000000 0.017931248 -0.080696602 </Translation>
               </Transform>
            </Instance>
            <Instance entityUid="RE2X*:*538ce93aa65d88c9de771143"
                      name="Spring Pin, 1/8-in OD, 1/4-in L &lt;17&gt;"
                      rigidGroup="root-MZKsxN0cnnTZ7XWCt.Mia/u+HqJxxaAi3D2"
                      uid="Myicy1LgFr9lxmCxL">
               <Transform>
                  <Rotation>1.000000000 0.000000000 0.000000000 -0.000000000 0.987656671 0.156634290 0.000000000 -0.156634290 0.987656671 </Rotation>
                  <Translation>-0.000000000 0.017510846 0.167993902 </Translation>
               </Transform>
            </Instance>
            <Instance entityUid="RuyH*:*538ce93aa65d88c9de771143" name="Washer, #8 &lt;1&gt;"
                      rigidGroup="root-MZKsxN0cnnTZ7XWCt.MGAH8m6uhCktBUolU"
                      uid="MMZKfjqaPaCrfoJBO">
               <Transform>
                  <Rotation>1.000000000 -0.000000000 0.000000000 0.000000000 0.983785262 -0.179350376 -0.000000000 0.179350376 0.983785262 </Rotation>
                  <Translation>-0.000000000 0.017931248 -0.080696602 </Translation>
               </Transform>
            </Instance>
            <Instance entityUid="Rc4v*:*538ce93aa65d88c9de771143"
                      name="Spring Pin, 3/32-in OD 3/16-in L &lt;1&gt;"
                      rigidGroup="root-MZKsxN0cnnTZ7XWCt.MfDSjZd77UcAyta11"
                      uid="MYDM41qdvHjPNyxgd">
               <Transform>
                  <Rotation>1.000000000 0.000000000 -0.000000000 0.000000000 0.997751771 -0.067017939 -0.000000000 0.067017939 0.997751771 </Rotation>
                  <Translation>-0.000000000 0.007203597 -0.004416072 </Translation>
               </Transform>
            </Instance>
            <Instance entityUid="RR3D*:*538ce93aa65d88c9de771143"
                      name="Spring Pin, 1/8-in OD, 1/4-in L &lt;2&gt;"
                      rigidGroup="root-MZKsxN0cnnTZ7XWCt.Mia/u+HqJxxaAi3D2"
                      uid="Mqot4G3OPhMc0DhT1">
               <Transform>
                  <Rotation>1.000000000 0.000000000 0.000000000 -0.000000000 0.987656671 0.156634290 0.000000000 -0.156634290 0.987656671 </Rotation>
                  <Translation>-0.000000000 0.017510846 0.167993902 </Translation>
               </Transform>
            </Instance>
            <Instance entityUid="RN2D*:*538ce93aa65d88c9de771143" name="Bracket &lt;9&gt;"
                      rigidGroup="root-MZKsxN0cnnTZ7XWCt.MArXLJxS0n2f57N/M"
                      uid="MWEujHHlvvAdFHhfB">
               <Transform>
                  <Rotation>1.000000000 0.000000000 -0.000000000 -0.000000000 0.998770571 0.049571634 0.000000000 -0.049571634 0.998770571 </Rotation>
                  <Translation>0.000000000 0.006889088 0.081774172 </Translation>
               </Transform>
            </Instance>
            <Instance entityUid="RE2f*:*538ce93aa65d88c9de771143"
                      name="Spring Pin, 1/8-in OD, 1/4-in L &lt;22&gt;"
                      rigidGroup="root-MZKsxN0cnnTZ7XWCt.Mia/u+HqJxxaAi3D2"
                      uid="Mb42p+lQIgC7E1bUz">
               <Transform>
                  <Rotation>1.000000000 0.000000000 0.000000000 -0.000000000 0.987656671 0.156634290 0.000000000 -0.156634290 0.987656671 </Rotation>
                  <Translation>-0.000000000 0.017510846 0.167993902 </Translation>
               </Transform>
            </Instance>
            <Instance entityUid="SO3LB*:*538ce93aa65d88c9de771143" name="Washer, #8 &lt;1&gt;"
                      rigidGroup="root-MZKsxN0cnnTZ7XWCt.M/luf84+itbERnW04"
                      uid="MAjYzKnPw5jQ4XyRj">
               <Transform>
                  <Rotation>1.000000000 0.000000000 -0.000000000 -0.000000000 0.970715427 0.240232304 0.000000000 -0.240232304 0.970715427 </Rotation>
                  <Translation>-0.000000000 0.033784015 0.238562534 </Translation>
               </Transform>
            </Instance>
            <Instance entityUid="ZLyGD*:*77faeddc003adba5d8099293" name="tail15 &lt;1&gt;"
                      rigidGroup="root-MZKsxN0cnnTZ7XWCt.MHh/tJmDvEXRLrEmx"
                      uid="M0FevAH9EL5VihIZ/">
               <Transform>
                  <Rotation>1.000000000 -0.000000000 0.000000000 0.000000000 0.952712556 0.303872976 -0.000000000 -0.303872976 0.952712556 </Rotation>
                  <Translation>-0.000000000 0.051762085 0.294826568 </Translation>
               </Transform>
            </Instance>
            <Instance entityUid="RR3/*:*538ce93aa65d88c9de771143" name="Screw, #8 1/2 in &lt;1&gt;"
                      rigidGroup="root-MZKsxN0cnnTZ7XWCt.Mia/u+HqJxxaAi3D2"
                      uid="MVxO5wNlP5kmQbrZa">
               <Transform>
                  <Rotation>1.000000000 0.000000000 0.000000000 -0.000000000 0.987656671 0.156634290 0.000000000 -0.156634290 0.987656671 </Rotation>
                  <Translation>-0.000000000 0.017510846 0.167993902 </Translation>
               </Transform>
            </Instance>
            <Instance entityUid="Rsy3*:*538ce93aa65d88c9de771143"
                      name="Spring Pin, 1/8-in OD, 1/4-in L &lt;20&gt;"
                      rigidGroup="root-MZKsxN0cnnTZ7XWCt.MGAH8m6uhCktBUolU"
                      uid="MpsuwenSYOGOIU99f">
               <Transform>
                  <Rotation>1.000000000 -0.000000000 0.000000000 0.000000000 0.983785262 -0.179350376 -0.000000000 0.179350376 0.983785262 </Rotation>
                  <Translation>-0.000000000 0.017931248 -0.080696602 </Translation>
               </Transform>
            </Instance>
            <Instance entityUid="Rsy7*:*538ce93aa65d88c9de771143"
                      name="Spring Pin, 1/8-in OD, 1/4-in L &lt;27&gt;"
                      rigidGroup="root-MZKsxN0cnnTZ7XWCt.MGAH8m6uhCktBUolU"
                      uid="M3Xhcfb1PWOqTAK1L">
               <Transform>
                  <Rotation>1.000000000 -0.000000000 0.000000000 0.000000000 0.983785262 -0.179350376 -0.000000000 0.179350376 0.983785262 </Rotation>
                  <Translation>-0.000000000 0.017931248 -0.080696602 </Translation>
               </Transform>
            </Instance>
            <Instance entityUid="Ra4P*:*538ce93aa65d88c9de771143"
                      name="Spring Pin, 3/32-in OD 3/16-in L &lt;1&gt;"
                      rigidGroup="root-MZKsxN0cnnTZ7XWCt.MfDSjZd77UcAyta11"
                      uid="MPvlgq4iMkAfvAxVF">
               <Transform>
                  <Rotation>1.000000000 0.000000000 -0.000000000 0.000000000 0.997751771 -0.067017939 -0.000000000 0.067017939 0.997751771 </Rotation>
                  <Translation>-0.000000000 0.007203597 -0.004416072 </Translation>
               </Transform>
            </Instance>
            <Instance entityUid="Rsyf*:*538ce93aa65d88c9de771143"
                      name="Spring Pin, 1/8-in OD, 1/4-in L &lt;11&gt;"
                      rigidGroup="root-MZKsxN0cnnTZ7XWCt.MGAH8m6uhCktBUolU"
                      uid="MCw/U0f+LNQRO84aV">
               <Transform>
                  <Rotation>1.000000000 -0.000000000 0.000000000 0.000000000 0.983785262 -0.179350376 -0.000000000 0.179350376 0.983785262 </Rotation>
                  <Translation>-0.000000000 0.017931248 -0.080696602 </Translation>
               </Transform>
            </Instance>
            <Instance entityUid="R60L*:*538ce93aa65d88c9de771143"
                      name="Spring Pin, 1/8-in OD, 1/4-in L &lt;18&gt;"
                      rigidGroup="root-MZKsxN0cnnTZ7XWCt.MfDSjZd77UcAyta11"
                      uid="MGE7IvYEmrRYnLla6">
               <Transform>
                  <Rotation>1.000000000 0.000000000 -0.000000000 0.000000000 0.997751771 -0.067017939 -0.000000000 0.067017939 0.997751771 </Rotation>
                  <Translation>-0.000000000 0.007203597 -0.004416072 </Translation>
               </Transform>
            </Instance>
            <Instance entityUid="RG2P*:*538ce93aa65d88c9de771143" name="Hinge &lt;14&gt;"
                      rigidGroup="root-MZKsxN0cnnTZ7XWCt.Mia/u+HqJxxaAi3D2"
                      uid="Md5W3bhgl1axJ+b0s">
               <Transform>
                  <Rotation>1.000000000 0.000000000 0.000000000 -0.000000000 0.987656671 0.156634290 0.000000000 -0.156634290 0.987656671 </Rotation>
                  <Translation>-0.000000000 0.017510846 0.167993902 </Translation>
               </Transform>
            </Instance>
            <Instance entityUid="Ra4L*:*538ce93aa65d88c9de771143" name="Lock tabs &lt;1&gt;"
                      rigidGroup="root-MZKsxN0cnnTZ7XWCt.MfDSjZd77UcAyta11"
                      uid="MfuM3pVV6ratjZtqB">
               <Transform>
                  <Rotation>1.000000000 0.000000000 -0.000000000 0.000000000 0.997751771 -0.067017939 -0.000000000 0.067017939 0.997751771 </Rotation>
                  <Translation>-0.000000000 0.007203597 -0.004416072 </Translation>
               </Transform>
            </Instance>
            <Instance entityUid="SO3HB*:*538ce93aa65d88c9de771143" name="Lock tabs &lt;1&gt;"
                      rigidGroup="root-MZKsxN0cnnTZ7XWCt.M/luf84+itbERnW04"
                      uid="MbvrBZTEdHx5OkQrb">
               <Transform>
                  <Rotation>1.000000000 0.000000000 -0.000000000 -0.000000000 0.970715427 0.240232304 0.000000000 -0.240232304 0.970715427 </Rotation>
                  <Translation>-0.000000000 0.033784015 0.238562534 </Translation>
               </Transform>
            </Instance>
            <Instance entityUid="ZOMDT*:*77faeddc003adba5d8099293" name="link8l &lt;1&gt;"
                      rigidGroup="root-MZKsxN0cnnTZ7XWCt.MoQp2y1cd/WGrHj14"
                      uid="MYlFwcqHwZbksReKl">
               <Transform>
                  <Rotation>1.000000000 0.000000000 -0.000000000 -0.000000000 0.988615814 0.150461864 0.000000000 -0.150461864 0.988615814 </Rotation>
                  <Translation>-0.000000000 0.014919604 0.164782766 </Translation>
               </Transform>
            </Instance>
            <Instance entityUid="RX3v*:*538ce93aa65d88c9de771143" name="Screw, #8 1/2 in &lt;1&gt;"
                      rigidGroup="root-MZKsxN0cnnTZ7XWCt.MJ7aAEXdZ9r+P8Q7G"
                      uid="MzA7rKH/TkZdfYurY">
               <Transform>
                  <Rotation>1.000000000 0.000000000 -0.000000000 -0.000000000 0.952712556 0.303872976 0.000000000 -0.303872976 0.952712556 </Rotation>
                  <Translation>-0.000000000 0.051762085 0.294826568 </Translation>
               </Transform>
            </Instance>
            <Instance entityUid="ZNMDX*:*77faeddc003adba5d8099293" name="braces4 &lt;3&gt;"
                      rigidGroup="root-MZKsxN0cnnTZ7XWCt.MvAjqQGwPwHE7ZzIt"
                      uid="Ml/fI1FFOS75ckAIF">
               <Transform>
                  <Rotation>1.000000000 -0.000000000 -0.000000000 0.000000000 0.997396186 -0.072116907 0.000000000 0.072116907 0.997396186 </Rotation>
                  <Translation>0.000000000 0.004458525 -0.005753878 </Translation>
               </Transform>
            </Instance>
            <Instance entityUid="RU3H*:*538ce93aa65d88c9de771143" name="Washer, #8 &lt;1&gt;"
                      rigidGroup="root-MZKsxN0cnnTZ7XWCt.MJ7aAEXdZ9r+P8Q7G"
                      uid="MFlaE479P2jKvTz75">
               <Transform>
                  <Rotation>1.000000000 0.000000000 -0.000000000 -0.000000000 0.952712556 0.303872976 0.000000000 -0.303872976 0.952712556 </Rotation>
                  <Translation>-0.000000000 0.051762085 0.294826568 </Translation>
               </Transform>
            </Instance>
            <Instance entityUid="RxzD*:*538ce93aa65d88c9de771143" name="Bracket &lt;2&gt;"
                      rigidGroup="root-MZKsxN0cnnTZ7XWCt.MGAH8m6uhCktBUolU"
                      uid="Mj9tnnJ8HpSxNIV/e">
               <Transform>
                  <Rotation>1.000000000 -0.000000000 0.000000000 0.000000000 0.983785262 -0.179350376 -0.000000000 0.179350376 0.983785262 </Rotation>
                  <Translation>-0.000000000 0.017931248 -0.080696602 </Translation>
               </Transform>
            </Instance>
            <Instance entityUid="R60T*:*538ce93aa65d88c9de771143" name="Sleeve &lt;1&gt;"
                      rigidGroup="root-MZKsxN0cnnTZ7XWCt.MfDSjZd77UcAyta11"
                      uid="MrhKEl23ii+JDJ5Qd">
               <Transform>
                  <Rotation>1.000000000 0.000000000 -0.000000000 0.000000000 0.997751771 -0.067017939 -0.000000000 0.067017939 0.997751771 </Rotation>
                  <Translation>-0.000000000 0.007203597 -0.004416072 </Translation>
               </Transform>
            </Instance>
            <Instance entityUid="RO3f*:*538ce93aa65d88c9de771143"
                      name="Spring Pin, 1/8-in OD, 1/4-in L &lt;23&gt;"
                      rigidGroup="root-MZKsxN0cnnTZ7XWCt.M/luf84+itbERnW04"
                      uid="MGqPP3unsRF3ePcD/">
               <Transform>
                  <Rotation>1.000000000 0.000000000 -0.000000000 -0.000000000 0.970715427 0.240232304 0.000000000 -0.240232304 0.970715427 </Rotation>
                  <Translation>-0.000000000 0.033784015 0.238562534 </Translation>
               </Transform>
            </Instance>
            <Instance entityUid="RU3L*:*538ce93aa65d88c9de771143" name="Screw, #8 1/2 in &lt;1&gt;"
                      rigidGroup="root-MZKsxN0cnnTZ7XWCt.MJ7aAEXdZ9r+P8Q7G"
                      uid="Mrjul+QGvYk2Mf9qL">
               <Transform>
                  <Rotation>1.000000000 0.000000000 -0.000000000 -0.000000000 0.952712556 0.303872976 0.000000000 -0.303872976 0.952712556 </Rotation>
                  <Translation>-0.000000000 0.051762085 0.294826568 </Translation>
               </Transform>
            </Instance>
            <Instance entityUid="Ri0H*:*538ce93aa65d88c9de771143"
                      name="Spring Pin, 1/8-in OD, 1/4-in L &lt;27&gt;"
                      rigidGroup="root-MZKsxN0cnnTZ7XWCt.MfDSjZd77UcAyta11"
                      uid="Ms8ik9FuphG7cPLjd">
               <Transform>
                  <Rotation>1.000000000 0.000000000 -0.000000000 0.000000000 0.997751771 -0.067017939 -0.000000000 0.067017939 0.997751771 </Rotation>
                  <Translation>-0.000000000 0.007203597 -0.004416072 </Translation>
               </Transform>
            </Instance>
            <Instance entityUid="RuyD*:*538ce93aa65d88c9de771143" name="Lock tabs &lt;1&gt;"
                      rigidGroup="root-MZKsxN0cnnTZ7XWCt.MGAH8m6uhCktBUolU"
                      uid="MuTQvCrYR+rYjjApr">
               <Transform>
                  <Rotation>1.000000000 -0.000000000 0.000000000 0.000000000 0.983785262 -0.179350376 -0.000000000 0.179350376 0.983785262 </Rotation>
                  <Translation>-0.000000000 0.017931248 -0.080696602 </Translation>
               </Transform>
            </Instance>
            <Instance entityUid="Rsyb*:*538ce93aa65d88c9de771143"
                      name="Spring Pin, 1/8-in OD, 1/4-in L &lt;16&gt;"
                      rigidGroup="root-MZKsxN0cnnTZ7XWCt.MGAH8m6uhCktBUolU"
                      uid="MuJrpuVYza2q6B47B">
               <Transform>
                  <Rotation>1.000000000 -0.000000000 0.000000000 0.000000000 0.983785262 -0.179350376 -0.000000000 0.179350376 0.983785262 </Rotation>
                  <Translation>-0.000000000 0.017931248 -0.080696602 </Translation>
               </Transform>
            </Instance>
            <Instance entityUid="RU3X*:*538ce93aa65d88c9de771143" name="Washer, #8 &lt;1&gt;"
                      rigidGroup="root-MZKsxN0cnnTZ7XWCt.MJ7aAEXdZ9r+P8Q7G"
                      uid="MljItgIgarWMOx2nE">
               <Transform>
                  <Rotation>1.000000000 0.000000000 -0.000000000 -0.000000000 0.952712556 0.303872976 0.000000000 -0.303872976 0.952712556 </Rotation>
                  <Translation>-0.000000000 0.051762085 0.294826568 </Translation>
               </Transform>
            </Instance>
            <Instance entityUid="ZVyGD*:*77faeddc003adba5d8099293" name="tail1 &lt;1&gt;"
                      rigidGroup="root-MZKsxN0cnnTZ7XWCt.MHh/tJmDvEXRLrEmx"
                      uid="MtYK+Nj/OVkQuLdGH">
               <Transform>
                  <Rotation>1.000000000 -0.000000000 0.000000000 0.000000000 0.952712556 0.303872976 -0.000000000 -0.303872976 0.952712556 </Rotation>
                  <Translation>-0.000000000 0.051762085 0.294826568 </Translation>
               </Transform>
            </Instance>
            <Instance entityUid="RO3j*:*538ce93aa65d88c9de771143"
                      name="Spring Pin, 1/8-in OD, 1/4-in L &lt;19&gt;"
                      rigidGroup="root-MZKsxN0cnnTZ7XWCt.M/luf84+itbERnW04"
                      uid="MJO4OkhdIsadhfQm+">
               <Transform>
                  <Rotation>1.000000000 0.000000000 -0.000000000 -0.000000000 0.970715427 0.240232304 0.000000000 -0.240232304 0.970715427 </Rotation>
                  <Translation>-0.000000000 0.033784015 0.238562534 </Translation>
               </Transform>
            </Instance>
            <Instance entityUid="RE2H*:*538ce93aa65d88c9de771143"
                      name="Spring Pin, 1/8-in OD, 1/4-in L &lt;5&gt;"
                      rigidGroup="root-MZKsxN0cnnTZ7XWCt.Mia/u+HqJxxaAi3D2"
                      uid="MNmWRjdvycm57YMOt">
               <Transform>
