<?xml version="1.0" encoding="utf-8"?>
<SimscapeMultibodyImportXML xmlns="urn:mathworks:SimscapeMultibody:import"
                            xmlns:xsi="http://www.w3.org/2001/XMLSchema-instance"
                            version="2.0">
   <Created by="Tony" from="Onshape" on="04/10/22||17:07:41"
            using="Simscape Multibody Exporter"/>
   <ModelUnits length="inch" mass="pound"/>
   <DataUnits length="meter" mass="kilogram"/>
   <RootAssembly name="Head Linkage, 7 ft" uid="44e537bc1b1b1a76bddd81a7"
                 version="w-c8b2eb9226fbf412ec5f435b">
      <InstanceTree>
         <Instance entityUid="633d88f41024613d1659d64f" name="HeadLink1 &lt;1&gt;"
                   uid="MJh5Frny9osKoGyyp">
            <Transform>
               <Rotation>1.000000000 0.000000000 0.000000000 0.000000000 1.000000000 0.000000000 0.000000000 0.000000000 1.000000000 </Rotation>
               <Translation>0.000000000 0.000000000 0.000000000 </Translation>
            </Transform>
            <Instance entityUid="ZBlUH*:*6022ce270456cc1fdc9c249b" name="Screw, #10 3/4 in &lt;3&gt;"
                      rigidGroup="root-MJh5Frny9osKoGyyp.Mp/YyQcHBq3i4UCzI"
                      uid="MqMSSPJusYPXRZxCG">
               <Transform>
                  <Rotation>1.000000000 -0.000000000 0.000000000 0.000000000 0.918774901 0.394781815 -0.000000000 -0.394781815 0.918774901 </Rotation>
                  <Translation>-0.000000000 -0.081757922 -0.227751034 </Translation>
               </Transform>
            </Instance>
            <Instance entityUid="ZOuND*:*6022ce270456cc1fdc9c249b" name="Standoff &lt;1&gt;"
                      rigidGroup="root-MJh5Frny9osKoGyyp.Mp/YyQcHBq3i4UCzI"
                      uid="MvPghP/BVY2FgxkXx">
               <Transform>
                  <Rotation>1.000000000 -0.000000000 0.000000000 0.000000000 0.918774901 0.394781815 -0.000000000 -0.394781815 0.918774901 </Rotation>
                  <Translation>-0.000000000 -0.081757922 -0.227751034 </Translation>
               </Transform>
            </Instance>
            <Instance entityUid="Rf6X*:*6022ce270456cc1fdc9c249b" name="Hinge &lt;1&gt;"
                      rigidGroup="root-MJh5Frny9osKoGyyp.Mp/YyQcHBq3i4UCzI"
                      uid="MkIeeLX/mY+qeMtD7">
               <Transform>
                  <Rotation>1.000000000 -0.000000000 0.000000000 0.000000000 0.918774901 0.394781815 -0.000000000 -0.394781815 0.918774901 </Rotation>
                  <Translation>-0.000000000 -0.081757922 -0.227751034 </Translation>
               </Transform>
            </Instance>
            <Instance entityUid="ZDlUP*:*6022ce270456cc1fdc9c249b" name="Screw, #10 3/4-in &lt;9&gt;"
                      rigidGroup="root-MJh5Frny9osKoGyyp.Mp/YyQcHBq3i4UCzI"
                      uid="MsIEmzJBJUMyF2Imy">
               <Transform>
                  <Rotation>1.000000000 -0.000000000 0.000000000 0.000000000 0.918774901 0.394781815 -0.000000000 -0.394781815 0.918774901 </Rotation>
                  <Translation>-0.000000000 -0.081757922 -0.227751034 </Translation>
               </Transform>
            </Instance>
            <Instance entityUid="Z22GL*:*6022ce270456cc1fdc9c249b" name="Screw, #10 3/4 in &lt;5&gt;"
                      rigidGroup="root-MJh5Frny9osKoGyyp.Mp/YyQcHBq3i4UCzI"
                      uid="M1W3YtTyA3qdUkwRb">
               <Transform>
                  <Rotation>1.000000000 -0.000000000 0.000000000 0.000000000 0.918774901 0.394781815 -0.000000000 -0.394781815 0.918774901 </Rotation>
                  <Translation>-0.000000000 -0.081757922 -0.227751034 </Translation>
               </Transform>
            </Instance>
            <Instance entityUid="Z62GP*:*6022ce270456cc1fdc9c249b" name="Washer, #10 &lt;6&gt;"
                      rigidGroup="root-MJh5Frny9osKoGyyp.Mp/YyQcHBq3i4UCzI"
                      uid="MoRd+Y/fFskR0rJuf">
               <Transform>
                  <Rotation>1.000000000 -0.000000000 0.000000000 0.000000000 0.918774901 0.394781815 -0.000000000 -0.394781815 0.918774901 </Rotation>
                  <Translation>-0.000000000 -0.081757922 -0.227751034 </Translation>
               </Transform>
            </Instance>
            <Instance entityUid="Sl6TB*:*6022ce270456cc1fdc9c249b"
                      name="Spring Pin, 1/8-in OD, 1/4-in L &lt;4&gt;"
                      rigidGroup="root-MJh5Frny9osKoGyyp.Mp/YyQcHBq3i4UCzI"
                      uid="MqhgWYITOlX4U64eS">
               <Transform>
                  <Rotation>1.000000000 -0.000000000 0.000000000 0.000000000 0.918774901 0.394781815 -0.000000000 -0.394781815 0.918774901 </Rotation>
                  <Translation>-0.000000000 -0.081757922 -0.227751034 </Translation>
               </Transform>
            </Instance>
            <Instance entityUid="ZM3GT*:*6022ce270456cc1fdc9c249b" name="Part 5 &lt;2&gt;"
                      rigidGroup="root-MJh5Frny9osKoGyyp.Mp/YyQcHBq3i4UCzI"
                      uid="MmO3XrtrGs5yRrnW6">
               <Transform>
                  <Rotation>1.000000000 -0.000000000 0.000000000 0.000000000 0.918774901 0.394781815 -0.000000000 -0.394781815 0.918774901 </Rotation>
                  <Translation>-0.000000000 -0.081757922 -0.227751034 </Translation>
               </Transform>
            </Instance>
            <Instance entityUid="Sl6PB*:*6022ce270456cc1fdc9c249b"
                      name="Spring Pin, 1/8-in OD, 1/4-in L &lt;5&gt;"
                      rigidGroup="root-MJh5Frny9osKoGyyp.Mp/YyQcHBq3i4UCzI"
                      uid="Mrqi/96dcGaeY/II4">
               <Transform>
                  <Rotation>1.000000000 -0.000000000 0.000000000 0.000000000 0.918774901 0.394781815 -0.000000000 -0.394781815 0.918774901 </Rotation>
                  <Translation>-0.000000000 -0.081757922 -0.227751034 </Translation>
               </Transform>
            </Instance>
            <Instance entityUid="ZwABr*:*6022ce270456cc1fdc9c249b" name="Part 6 &lt;1&gt;"
                      rigidGroup="root-MJh5Frny9osKoGyyp.Mp/YyQcHBq3i4UCzI"
                      uid="MOsb2boG15JWQce79">
               <Transform>
                  <Rotation>1.000000000 -0.000000000 0.000000000 0.000000000 0.918774901 0.394781815 -0.000000000 -0.394781815 0.918774901 </Rotation>
                  <Translation>-0.000000000 -0.081757922 -0.227751034 </Translation>
               </Transform>
            </Instance>
            <Instance entityUid="Z22GP*:*6022ce270456cc1fdc9c249b" name="Washer, #10 &lt;3&gt;"
                      rigidGroup="root-MJh5Frny9osKoGyyp.Mp/YyQcHBq3i4UCzI"
                      uid="MnKcyVH1w2ydGcWXh">
               <Transform>
                  <Rotation>1.000000000 -0.000000000 0.000000000 0.000000000 0.918774901 0.394781815 -0.000000000 -0.394781815 0.918774901 </Rotation>
                  <Translation>-0.000000000 -0.081757922 -0.227751034 </Translation>
               </Transform>
            </Instance>
            <Instance entityUid="ZwABD*:*6022ce270456cc1fdc9c249b" name="Part 1 &lt;2&gt;"
                      rigidGroup="root-MJh5Frny9osKoGyyp.Mp/YyQcHBq3i4UCzI"
                      uid="Ma5XOqwf9k/YDFwFL">
               <Transform>
                  <Rotation>1.000000000 -0.000000000 0.000000000 0.000000000 0.918774901 0.394781815 -0.000000000 -0.394781815 0.918774901 </Rotation>
                  <Translation>-0.000000000 -0.081757922 -0.227751034 </Translation>
               </Transform>
            </Instance>
            <Instance entityUid="Ry6H*:*6022ce270456cc1fdc9c249b" name="Standoff &lt;6&gt;"
                      rigidGroup="root-MJh5Frny9osKoGyyp.Mp/YyQcHBq3i4UCzI"
                      uid="MRbuataIXPWlqQeue">
               <Transform>
                  <Rotation>1.000000000 -0.000000000 0.000000000 0.000000000 0.918774901 0.394781815 -0.000000000 -0.394781815 0.918774901 </Rotation>
                  <Translation>-0.000000000 -0.081757922 -0.227751034 </Translation>
               </Transform>
            </Instance>
            <Instance entityUid="Rf6H*:*6022ce270456cc1fdc9c249b"
                      name="Spring Pin, 1/8-in OD, 1/4-in L &lt;1&gt;"
                      rigidGroup="root-MJh5Frny9osKoGyyp.Mp/YyQcHBq3i4UCzI"
                      uid="MFmwdCuuMiKHwfM6S">
               <Transform>
                  <Rotation>1.000000000 -0.000000000 0.000000000 0.000000000 0.918774901 0.394781815 -0.000000000 -0.394781815 0.918774901 </Rotation>
                  <Translation>-0.000000000 -0.081757922 -0.227751034 </Translation>
               </Transform>
            </Instance>
            <Instance entityUid="Rf6T*:*6022ce270456cc1fdc9c249b" name="Set Screw, #4 1/4 in &lt;1&gt;"
                      rigidGroup="root-MJh5Frny9osKoGyyp.Mp/YyQcHBq3i4UCzI"
                      uid="MHM+KVlo/dDmzbRqo">
               <Transform>
                  <Rotation>1.000000000 -0.000000000 0.000000000 0.000000000 0.918774901 0.394781815 -0.000000000 -0.394781815 0.918774901 </Rotation>
                  <Translation>-0.000000000 -0.081757922 -0.227751034 </Translation>
               </Transform>
            </Instance>
            <Instance entityUid="ZOuNP*:*6022ce270456cc1fdc9c249b" name="Washer, #10 &lt;5&gt;"
                      rigidGroup="root-MJh5Frny9osKoGyyp.Mp/YyQcHBq3i4UCzI"
                      uid="MX5cP/2u3fFcdkF4l">
               <Transform>
                  <Rotation>1.000000000 -0.000000000 0.000000000 0.000000000 0.918774901 0.394781815 -0.000000000 -0.394781815 0.918774901 </Rotation>
                  <Translation>-0.000000000 -0.081757922 -0.227751034 </Translation>
               </Transform>
            </Instance>
            <Instance entityUid="ZM3GL*:*6022ce270456cc1fdc9c249b" name="Part 3 &lt;2&gt;"
                      rigidGroup="root-MJh5Frny9osKoGyyp.Mp/YyQcHBq3i4UCzI"
                      uid="MjeWMtXLF36AAM8Pe">
               <Transform>
                  <Rotation>1.000000000 -0.000000000 0.000000000 0.000000000 0.918774901 0.394781815 -0.000000000 -0.394781815 0.918774901 </Rotation>
                  <Translation>-0.000000000 -0.081757922 -0.227751034 </Translation>
               </Transform>
            </Instance>
            <Instance entityUid="ZB3GP*:*6022ce270456cc1fdc9c249b" name="Washer, #10 &lt;2&gt;"
                      rigidGroup="root-MJh5Frny9osKoGyyp.Mp/YyQcHBq3i4UCzI"
                      uid="MhAqYNP/UPkX723CS">
               <Transform>
                  <Rotation>1.000000000 -0.000000000 0.000000000 0.000000000 0.918774901 0.394781815 -0.000000000 -0.394781815 0.918774901 </Rotation>
                  <Translation>-0.000000000 -0.081757922 -0.227751034 </Translation>
               </Transform>
            </Instance>
            <Instance entityUid="ZwABT*:*6022ce270456cc1fdc9c249b" name="Part 5 &lt;1&gt;"
                      rigidGroup="root-MJh5Frny9osKoGyyp.Mp/YyQcHBq3i4UCzI"
                      uid="MGRKhfjLe5l3LJl31">
               <Transform>
                  <Rotation>1.000000000 -0.000000000 0.000000000 0.000000000 0.918774901 0.394781815 -0.000000000 -0.394781815 0.918774901 </Rotation>
                  <Translation>-0.000000000 -0.081757922 -0.227751034 </Translation>
               </Transform>
            </Instance>
            <Instance entityUid="Rf6D*:*6022ce270456cc1fdc9c249b" name="Bracket &lt;1&gt;"
                      rigidGroup="root-MJh5Frny9osKoGyyp.Mp/YyQcHBq3i4UCzI"
                      uid="MecQs+zXD131Gwvcz">
               <Transform>
                  <Rotation>1.000000000 -0.000000000 0.000000000 0.000000000 0.918774901 0.394781815 -0.000000000 -0.394781815 0.918774901 </Rotation>
                  <Translation>-0.000000000 -0.081757922 -0.227751034 </Translation>
               </Transform>
            </Instance>
            <Instance entityUid="ZB3GH*:*6022ce270456cc1fdc9c249b" name="Screw, #10 3/4-in &lt;3&gt;"
                      rigidGroup="root-MJh5Frny9osKoGyyp.Mp/YyQcHBq3i4UCzI"
                      uid="M8KE0gbMAnao1hx01">
               <Transform>
                  <Rotation>1.000000000 -0.000000000 0.000000000 0.000000000 0.918774901 0.394781815 -0.000000000 -0.394781815 0.918774901 </Rotation>
                  <Translation>-0.000000000 -0.081757922 -0.227751034 </Translation>
               </Transform>
            </Instance>
            <Instance entityUid="Z22GH*:*6022ce270456cc1fdc9c249b" name="Screw, #10 3/4-in &lt;6&gt;"
                      rigidGroup="root-MJh5Frny9osKoGyyp.Mp/YyQcHBq3i4UCzI"
                      uid="MaTBUX02yXVX9IECc">
               <Transform>
                  <Rotation>1.000000000 -0.000000000 0.000000000 0.000000000 0.918774901 0.394781815 -0.000000000 -0.394781815 0.918774901 </Rotation>
                  <Translation>-0.000000000 -0.081757922 -0.227751034 </Translation>
               </Transform>
            </Instance>
            <Instance entityUid="ZE3GP*:*6022ce270456cc1fdc9c249b" name="Washer, #10 &lt;1&gt;"
                      rigidGroup="root-MJh5Frny9osKoGyyp.Mp/YyQcHBq3i4UCzI"
                      uid="M/C+OSUgjFKOzJ5ub">
               <Transform>
                  <Rotation>1.000000000 -0.000000000 0.000000000 0.000000000 0.918774901 0.394781815 -0.000000000 -0.394781815 0.918774901 </Rotation>
                  <Translation>-0.000000000 -0.081757922 -0.227751034 </Translation>
               </Transform>
            </Instance>
            <Instance entityUid="ZOuNL*:*6022ce270456cc1fdc9c249b" name="Screw, #10 3/4 in &lt;4&gt;"
                      rigidGroup="root-MJh5Frny9osKoGyyp.Mp/YyQcHBq3i4UCzI"
                      uid="M59mnrOCkrbCF9IHG">
               <Transform>
                  <Rotation>1.000000000 -0.000000000 0.000000000 0.000000000 0.918774901 0.394781815 -0.000000000 -0.394781815 0.918774901 </Rotation>
                  <Translation>-0.000000000 -0.081757922 -0.227751034 </Translation>
               </Transform>
            </Instance>
            <Instance entityUid="Sl6XB*:*6022ce270456cc1fdc9c249b" name="Set Screw, #4 1/4 in &lt;2&gt;"
                      rigidGroup="root-MJh5Frny9osKoGyyp.Mp/YyQcHBq3i4UCzI"
                      uid="MYX84sxnRPQDRCMLr">
               <Transform>
                  <Rotation>1.000000000 -0.000000000 0.000000000 0.000000000 0.918774901 0.394781815 -0.000000000 -0.394781815 0.918774901 </Rotation>
                  <Translation>-0.000000000 -0.081757922 -0.227751034 </Translation>
               </Transform>
            </Instance>
            <Instance entityUid="RB7H*:*6022ce270456cc1fdc9c249b" name="Screw, #10 3/4 in &lt;6&gt;"
                      rigidGroup="root-MJh5Frny9osKoGyyp.Mp/YyQcHBq3i4UCzI"
                      uid="Maq7OifyBShP6cno4">
               <Transform>
                  <Rotation>1.000000000 -0.000000000 0.000000000 0.000000000 0.918774901 0.394781815 -0.000000000 -0.394781815 0.918774901 </Rotation>
                  <Translation>-0.000000000 -0.081757922 -0.227751034 </Translation>
               </Transform>
            </Instance>
            <Instance entityUid="Z+1GD*:*6022ce270456cc1fdc9c249b" name="Part 40 &lt;1&gt;"
                      rigidGroup="root-MJh5Frny9osKoGyyp.Mp/YyQcHBq3i4UCzI"
                      uid="M2OxZZQHZfir9Kojd">
               <Transform>
                  <Rotation>1.000000000 -0.000000000 0.000000000 0.000000000 0.918774901 0.394781815 -0.000000000 -0.394781815 0.918774901 </Rotation>
                  <Translation>-0.000000000 -0.081757922 -0.227751034 </Translation>
               </Transform>
            </Instance>
            <Instance entityUid="Rl6L*:*6022ce270456cc1fdc9c249b" name="Spacer &lt;2&gt;"
                      rigidGroup="root-MJh5Frny9osKoGyyp.Mp/YyQcHBq3i4UCzI"
                      uid="M/Ex/q+G4F/35t19i">
               <Transform>
                  <Rotation>1.000000000 -0.000000000 0.000000000 0.000000000 0.918774901 0.394781815 -0.000000000 -0.394781815 0.918774901 </Rotation>
                  <Translation>-0.000000000 -0.081757922 -0.227751034 </Translation>
               </Transform>
            </Instance>
            <Instance entityUid="ZM3GP*:*6022ce270456cc1fdc9c249b" name="Part 4 &lt;1&gt;"
                      rigidGroup="root-MJh5Frny9osKoGyyp.Mp/YyQcHBq3i4UCzI"
                      uid="MLXx1yfQx7RwToik+">
               <Transform>
                  <Rotation>1.000000000 -0.000000000 0.000000000 0.000000000 0.918774901 0.394781815 -0.000000000 -0.394781815 0.918774901 </Rotation>
                  <Translation>-0.000000000 -0.081757922 -0.227751034 </Translation>
               </Transform>
            </Instance>
            <Instance entityUid="ZwABP*:*6022ce270456cc1fdc9c249b" name="Part 4 &lt;2&gt;"
                      rigidGroup="root-MJh5Frny9osKoGyyp.Mp/YyQcHBq3i4UCzI"
                      uid="M8TSiXMOZ6hNkg2mz">
               <Transform>
                  <Rotation>1.000000000 -0.000000000 0.000000000 0.000000000 0.918774901 0.394781815 -0.000000000 -0.394781815 0.918774901 </Rotation>
                  <Translation>-0.000000000 -0.081757922 -0.227751034 </Translation>
               </Transform>
            </Instance>
            <Instance entityUid="Z62GD*:*6022ce270456cc1fdc9c249b" name="Standoff &lt;4&gt;"
                      rigidGroup="root-MJh5Frny9osKoGyyp.Mp/YyQcHBq3i4UCzI"
                      uid="McoDBhLUlHhk66EFG">
               <Transform>
                  <Rotation>1.000000000 -0.000000000 0.000000000 0.000000000 0.918774901 0.394781815 -0.000000000 -0.394781815 0.918774901 </Rotation>
                  <Translation>-0.000000000 -0.081757922 -0.227751034 </Translation>
               </Transform>
            </Instance>
            <Instance entityUid="ZMlUf*:*6022ce270456cc1fdc9c249b" name="Part 73 &lt;1&gt;"
                      rigidGroup="root-MJh5Frny9osKoGyyp.Mp/YyQcHBq3i4UCzI"
                      uid="MWesGjlbve/zsxVXJ">
               <Transform>
                  <Rotation>1.000000000 -0.000000000 0.000000000 0.000000000 0.918774901 0.394781815 -0.000000000 -0.394781815 0.918774901 </Rotation>
                  <Translation>-0.000000000 -0.081757922 -0.227751034 </Translation>
               </Transform>
            </Instance>
            <Instance entityUid="Z22GT*:*6022ce270456cc1fdc9c249b" name="Screw, #10 3/4-in &lt;5&gt;"
                      rigidGroup="root-MJh5Frny9osKoGyyp.Mp/YyQcHBq3i4UCzI"
                      uid="MM6PNjXVAMA7LPeK7">
               <Transform>
                  <Rotation>1.000000000 -0.000000000 0.000000000 0.000000000 0.918774901 0.394781815 -0.000000000 -0.394781815 0.918774901 </Rotation>
                  <Translation>-0.000000000 -0.081757922 -0.227751034 </Translation>
               </Transform>
            </Instance>
            <Instance entityUid="RP6D*:*6022ce270456cc1fdc9c249b" name="Spacer &lt;1&gt;"
                      rigidGroup="root-MJh5Frny9osKoGyyp.Mp/YyQcHBq3i4UCzI"
                      uid="MUD677eL9a5gDy2h1">
               <Transform>
                  <Rotation>1.000000000 -0.000000000 0.000000000 0.000000000 0.918774901 0.394781815 -0.000000000 -0.394781815 0.918774901 </Rotation>
                  <Translation>-0.000000000 -0.081757922 -0.227751034 </Translation>
               </Transform>
            </Instance>
            <Instance entityUid="RC7n*:*6022ce270456cc1fdc9c249b" name="Washer, #10 &lt;4&gt;"
                      rigidGroup="root-MJh5Frny9osKoGyyp.Mp/YyQcHBq3i4UCzI"
                      uid="MfkSekuUKPgTEsvnJ">
               <Transform>
                  <Rotation>1.000000000 -0.000000000 0.000000000 0.000000000 0.918774901 0.394781815 -0.000000000 -0.394781815 0.918774901 </Rotation>
                  <Translation>-0.000000000 -0.081757922 -0.227751034 </Translation>
               </Transform>
            </Instance>
            <Instance entityUid="ZM3GH*:*6022ce270456cc1fdc9c249b" name="Part 2 &lt;1&gt;"
                      rigidGroup="root-MJh5Frny9osKoGyyp.Mp/YyQcHBq3i4UCzI"
                      uid="M6UHMWm50O7Xieide">
               <Transform>
                  <Rotation>1.000000000 -0.000000000 0.000000000 0.000000000 0.918774901 0.394781815 -0.000000000 -0.394781815 0.918774901 </Rotation>
                  <Translation>-0.000000000 -0.081757922 -0.227751034 </Translation>
               </Transform>
            </Instance>
            <Instance entityUid="ZE3GD*:*6022ce270456cc1fdc9c249b" name="Standoff &lt;2&gt;"
                      rigidGroup="root-MJh5Frny9osKoGyyp.Mp/YyQcHBq3i4UCzI"
                      uid="MI1hN0JLQiQs7nyew">
               <Transform>
                  <Rotation>1.000000000 -0.000000000 0.000000000 0.000000000 0.918774901 0.394781815 -0.000000000 -0.394781815 0.918774901 </Rotation>
                  <Translation>-0.000000000 -0.081757922 -0.227751034 </Translation>
               </Transform>
            </Instance>
            <Instance entityUid="ZBlUX*:*6022ce270456cc1fdc9c249b" name="Screw, #10 3/4 in &lt;1&gt;"
                      rigidGroup="root-MJh5Frny9osKoGyyp.Mp/YyQcHBq3i4UCzI"
                      uid="MIWHC/7I1VXZrbjjs">
               <Transform>
                  <Rotation>1.000000000 -0.000000000 0.000000000 0.000000000 0.918774901 0.394781815 -0.000000000 -0.394781815 0.918774901 </Rotation>
                  <Translation>-0.000000000 -0.081757922 -0.227751034 </Translation>
               </Transform>
            </Instance>
            <Instance entityUid="ZBlUP*:*6022ce270456cc1fdc9c249b" name="Screw, #10 3/4 in &lt;2&gt;"
                      rigidGroup="root-MJh5Frny9osKoGyyp.Mp/YyQcHBq3i4UCzI"
                      uid="MQDP1maozG4Z4dWvr">
               <Transform>
                  <Rotation>1.000000000 -0.000000000 0.000000000 0.000000000 0.918774901 0.394781815 -0.000000000 -0.394781815 0.918774901 </Rotation>
                  <Translation>-0.000000000 -0.081757922 -0.227751034 </Translation>
               </Transform>
            </Instance>
            <Instance entityUid="Sl6LB*:*6022ce270456cc1fdc9c249b"
                      name="Spring Pin, 1/8-in OD, 1/4-in L &lt;6&gt;"
                      rigidGroup="root-MJh5Frny9osKoGyyp.Mp/YyQcHBq3i4UCzI"
                      uid="Mz2znzIs+BKKN0257">
               <Transform>
                  <Rotation>1.000000000 -0.000000000 0.000000000 0.000000000 0.918774901 0.394781815 -0.000000000 -0.394781815 0.918774901 </Rotation>
                  <Translation>-0.000000000 -0.081757922 -0.227751034 </Translation>
               </Transform>
            </Instance>
            <Instance entityUid="RC7r*:*6022ce270456cc1fdc9c249b" name="Screw, #10 3/4-in &lt;12&gt;"
                      rigidGroup="root-MJh5Frny9osKoGyyp.Mp/YyQcHBq3i4UCzI"
                      uid="MHauij2BtahC+0HWM">
               <Transform>
                  <Rotation>1.000000000 -0.000000000 0.000000000 0.000000000 0.918774901 0.394781815 -0.000000000 -0.394781815 0.918774901 </Rotation>
                  <Translation>-0.000000000 -0.081757922 -0.227751034 </Translation>
               </Transform>
            </Instance>
            <Instance entityUid="Rf6P*:*6022ce270456cc1fdc9c249b"
                      name="Spring Pin, 1/8-in OD, 1/4-in L &lt;2&gt;"
                      rigidGroup="root-MJh5Frny9osKoGyyp.Mp/YyQcHBq3i4UCzI"
                      uid="MfX/K6uDl6rQkscVU">
               <Transform>
                  <Rotation>1.000000000 -0.000000000 0.000000000 0.000000000 0.918774901 0.394781815 -0.000000000 -0.394781815 0.918774901 </Rotation>
                  <Translation>-0.000000000 -0.081757922 -0.227751034 </Translation>
               </Transform>
            </Instance>
            <Instance entityUid="ZDlUX*:*6022ce270456cc1fdc9c249b" name="Screw, #10 3/4-in &lt;8&gt;"
                      rigidGroup="root-MJh5Frny9osKoGyyp.Mp/YyQcHBq3i4UCzI"
                      uid="MGvaAUrGq1NWHAf0S">
               <Transform>
                  <Rotation>1.000000000 -0.000000000 0.000000000 0.000000000 0.918774901 0.394781815 -0.000000000 -0.394781815 0.918774901 </Rotation>
                  <Translation>-0.000000000 -0.081757922 -0.227751034 </Translation>
               </Transform>
            </Instance>
            <Instance entityUid="Rf6L*:*6022ce270456cc1fdc9c249b"
                      name="Spring Pin, 1/8-in OD, 1/4-in L &lt;3&gt;"
                      rigidGroup="root-MJh5Frny9osKoGyyp.Mp/YyQcHBq3i4UCzI"
                      uid="M12D0d9C7n2D0FfjR">
               <Transform>
                  <Rotation>1.000000000 -0.000000000 0.000000000 0.000000000 0.918774901 0.394781815 -0.000000000 -0.394781815 0.918774901 </Rotation>
                  <Translation>-0.000000000 -0.081757922 -0.227751034 </Translation>
               </Transform>
            </Instance>
            <Instance entityUid="Z62GH*:*6022ce270456cc1fdc9c249b" name="Screw, #10 3/4-in &lt;4&gt;"
                      rigidGroup="root-MJh5Frny9osKoGyyp.Mp/YyQcHBq3i4UCzI"
                      uid="M4lM0H/Rt2+0PYocm">
               <Transform>
                  <Rotation>1.000000000 -0.000000000 0.000000000 0.000000000 0.918774901 0.394781815 -0.000000000 -0.394781815 0.918774901 </Rotation>
                  <Translation>-0.000000000 -0.081757922 -0.227751034 </Translation>
               </Transform>
            </Instance>
            <Instance entityUid="ZMlUP*:*6022ce270456cc1fdc9c249b" name="Part 72 &lt;1&gt;"
                      rigidGroup="root-MJh5Frny9osKoGyyp.Mp/YyQcHBq3i4UCzI"
                      uid="M/UxJj4a8o94P3nyU">
               <Transform>
                  <Rotation>1.000000000 -0.000000000 0.000000000 0.000000000 0.918774901 0.394781815 -0.000000000 -0.394781815 0.918774901 </Rotation>
                  <Translation>-0.000000000 -0.081757922 -0.227751034 </Translation>
               </Transform>
            </Instance>
            <Instance entityUid="ZE3GH*:*6022ce270456cc1fdc9c249b" name="Screw, #10 3/4-in &lt;2&gt;"
                      rigidGroup="root-MJh5Frny9osKoGyyp.Mp/YyQcHBq3i4UCzI"
                      uid="MoU9i2fokDaYzRue9">
               <Transform>
                  <Rotation>1.000000000 -0.000000000 0.000000000 0.000000000 0.918774901 0.394781815 -0.000000000 -0.394781815 0.918774901 </Rotation>
                  <Translation>-0.000000000 -0.081757922 -0.227751034 </Translation>
               </Transform>
            </Instance>
            <Instance entityUid="Z22GD*:*6022ce270456cc1fdc9c249b" name="Standoff &lt;5&gt;"
                      rigidGroup="root-MJh5Frny9osKoGyyp.Mp/YyQcHBq3i4UCzI"
                      uid="MQ6mjxjDWYHA9v7bd">
               <Transform>
                  <Rotation>1.000000000 -0.000000000 0.000000000 0.000000000 0.918774901 0.394781815 -0.000000000 -0.394781815 0.918774901 </Rotation>
                  <Translation>-0.000000000 -0.081757922 -0.227751034 </Translation>
               </Transform>
            </Instance>
            <Instance entityUid="ZOuNH*:*6022ce270456cc1fdc9c249b" name="Screw, #10 3/4-in &lt;1&gt;"
                      rigidGroup="root-MJh5Frny9osKoGyyp.Mp/YyQcHBq3i4UCzI"
                      uid="M2AqMkNFNTS5OHpz0">
               <Transform>
                  <Rotation>1.000000000 -0.000000000 0.000000000 0.000000000 0.918774901 0.394781815 -0.000000000 -0.394781815 0.918774901 </Rotation>
                  <Translation>-0.000000000 -0.081757922 -0.227751034 </Translation>
               </Transform>
            </Instance>
            <Instance entityUid="ZM3GD*:*6022ce270456cc1fdc9c249b" name="Part 1 &lt;1&gt;"
                      rigidGroup="root-MJh5Frny9osKoGyyp.Mp/YyQcHBq3i4UCzI"
                      uid="MAmwxXqVj9gc3bUNd">
               <Transform>
                  <Rotation>1.000000000 -0.000000000 0.000000000 0.000000000 0.918774901 0.394781815 -0.000000000 -0.394781815 0.918774901 </Rotation>
                  <Translation>-0.000000000 -0.081757922 -0.227751034 </Translation>
               </Transform>
            </Instance>
            <Instance entityUid="ZwABH*:*6022ce270456cc1fdc9c249b" name="Part 2 &lt;2&gt;"
                      rigidGroup="root-MJh5Frny9osKoGyyp.Mp/YyQcHBq3i4UCzI"
                      uid="MB4NWOS3l7n8Y19GH">
               <Transform>
                  <Rotation>1.000000000 -0.000000000 0.000000000 0.000000000 0.918774901 0.394781815 -0.000000000 -0.394781815 0.918774901 </Rotation>
                  <Translation>-0.000000000 -0.081757922 -0.227751034 </Translation>
               </Transform>
            </Instance>
            <Instance entityUid="Sl6HB*:*6022ce270456cc1fdc9c249b" name="Bracket &lt;2&gt;"
                      rigidGroup="root-MJh5Frny9osKoGyyp.Mp/YyQcHBq3i4UCzI"
                      uid="Md5ht0s0heJi9KHJN">
               <Transform>
                  <Rotation>1.000000000 -0.000000000 0.000000000 0.000000000 0.918774901 0.394781815 -0.000000000 -0.394781815 0.918774901 </Rotation>
                  <Translation>-0.000000000 -0.081757922 -0.227751034 </Translation>
               </Transform>
            </Instance>
            <Instance entityUid="ZB3GD*:*6022ce270456cc1fdc9c249b" name="Standoff &lt;3&gt;"
                      rigidGroup="root-MJh5Frny9osKoGyyp.Mp/YyQcHBq3i4UCzI"
                      uid="MhACbFV5LnjJZ4ybg">
               <Transform>
                  <Rotation>1.000000000 -0.000000000 0.000000000 0.000000000 0.918774901 0.394781815 -0.000000000 -0.394781815 0.918774901 </Rotation>
                  <Translation>-0.000000000 -0.081757922 -0.227751034 </Translation>
               </Transform>
            </Instance>
            <Instance entityUid="RB7D*:*6022ce270456cc1fdc9c249b" name="Screw, #10 3/4-in &lt;7&gt;"
                      rigidGroup="root-MJh5Frny9osKoGyyp.Mp/YyQcHBq3i4UCzI"
                      uid="MpqFu8PHe2p1Nozl6">
               <Transform>
                  <Rotation>1.000000000 -0.000000000 0.000000000 0.000000000 0.918774901 0.394781815 -0.000000000 -0.394781815 0.918774901 </Rotation>
                  <Translation>-0.000000000 -0.081757922 -0.227751034 </Translation>
               </Transform>
            </Instance>
            <Instance entityUid="ZwABL*:*6022ce270456cc1fdc9c249b" name="Part 3 &lt;1&gt;"
                      rigidGroup="root-MJh5Frny9osKoGyyp.Mp/YyQcHBq3i4UCzI"
                      uid="MQoQhgRVulSsbAjxo">
               <Transform>
                  <Rotation>1.000000000 -0.000000000 0.000000000 0.000000000 0.918774901 0.394781815 -0.000000000 -0.394781815 0.918774901 </Rotation>
                  <Translation>-0.000000000 -0.081757922 -0.227751034 </Translation>
               </Transform>
            </Instance>
            <Instance entityUid="ZOuNT*:*6022ce270456cc1fdc9c249b" name="Screw, #10 3/4-in &lt;11&gt;"
                      rigidGroup="root-MJh5Frny9osKoGyyp.Mp/YyQcHBq3i4UCzI"
                      uid="MAtSkE98pG1IMtu4B">
               <Transform>
                  <Rotation>1.000000000 -0.000000000 0.000000000 0.000000000 0.918774901 0.394781815 -0.000000000 -0.394781815 0.918774901 </Rotation>
                  <Translation>-0.000000000 -0.081757922 -0.227751034 </Translation>
               </Transform>
            </Instance>
            <Instance entityUid="ZDlUH*:*6022ce270456cc1fdc9c249b" name="Screw, #10 3/4-in &lt;10&gt;"
                      rigidGroup="root-MJh5Frny9osKoGyyp.Mp/YyQcHBq3i4UCzI"
                      uid="MFPgk1xRHMqEo7sM7">
               <Transform>
                  <Rotation>1.000000000 -0.000000000 0.000000000 0.000000000 0.918774901 0.394781815 -0.000000000 -0.394781815 0.918774901 </Rotation>
                  <Translation>-0.000000000 -0.081757922 -0.227751034 </Translation>
               </Transform>
            </Instance>
            <Instance entityUid="Z9kUD*:*6022ce270456cc1fdc9c249b" name="Part 65 &lt;1&gt;"
                      rigidGroup="root-MJh5Frny9osKoGyyp.Mp/YyQcHBq3i4UCzI"
                      uid="M38anUy9lA7sY1+Cr">
               <Transform>
                  <Rotation>1.000000000 -0.000000000 0.000000000 0.000000000 0.918774901 0.394781815 -0.000000000 -0.394781815 0.918774901 </Rotation>
                  <Translation>-0.000000000 -0.081757922 -0.227751034 </Translation>
               </Transform>
            </Instance>
         </Instance>
         <Instance entityUid="fb1c53f80cd2b3c42d6d7114" name="HeadSubLinkage &lt;1&gt;"
                   uid="MR1WP7DUJo8n64k9q">
            <Transform>
               <Rotation>1.000000000 0.000000000 0.000000000 0.000000000 1.000000000 0.000000000 0.000000000 0.000000000 1.000000000 </Rotation>
               <Translation>0.000000000 0.000000000 0.000000000 </Translation>
            </Transform>
            <Instance entityUid="RO6T*:*538ce93aa65d88c9de771143" name="Set Screw, #4 1/4 in &lt;5&gt;"
                      rigidGroup="root-MR1WP7DUJo8n64k9q.MLK6Ts4efHhLNc940"
                      uid="Mbhybbg2tdTCEJE22">
               <Transform>
                  <Rotation>1.000000000 -0.000000000 0.000000000 0.000000000 0.979655831 0.200684960 -0.000000000 -0.200684960 0.979655831 </Rotation>
                  <Translation>-0.000000000 -0.024267257 -0.083142241 </Translation>
               </Transform>
            </Instance>
            <Instance entityUid="Rd6P*:*538ce93aa65d88c9de771143" name="Bracket &lt;11&gt;"
                      rigidGroup="root-MR1WP7DUJo8n64k9q.MLK6Ts4efHhLNc940"
                      uid="M/jKqEhr/MBcSUNnL">
               <Transform>
                  <Rotation>1.000000000 -0.000000000 0.000000000 0.000000000 0.979655831 0.200684960 -0.000000000 -0.200684960 0.979655831 </Rotation>
                  <Translation>-0.000000000 -0.024267257 -0.083142241 </Translation>
               </Transform>
            </Instance>
            <Instance entityUid="R84D*:*538ce93aa65d88c9de771143" name="Bracket &lt;6&gt;"
                      rigidGroup="root-MR1WP7DUJo8n64k9q.MCcjhjf/fcWC8Mq4e"
                      uid="MSWltaDS/o50kMKlI">
               <Transform>
                  <Rotation>1.000000000 -0.000000000 0.000000000 0.000000000 0.997941991 0.064123185 -0.000000000 -0.064123185 0.997941991 </Rotation>
                  <Translation>-0.000000000 -0.005466567 -0.021184628 </Translation>
               </Transform>
            </Instance>
            <Instance entityUid="Ry5L*:*538ce93aa65d88c9de771143" name="Screw, #8 1/2 in &lt;2&gt;"
                      rigidGroup="root-MR1WP7DUJo8n64k9q.MguEycW8ppW91wnus"
                      uid="MDcpvN3QkbWvtWATn">
               <Transform>
                  <Rotation>1.000000000 -0.000000000 0.000000000 0.000000000 0.991741763 0.128250827 -0.000000000 -0.128250827 0.991741763 </Rotation>
                  <Translation>-0.000000000 -0.013061974 -0.047409372 </Translation>
               </Transform>
            </Instance>
            <Instance entityUid="Rd6r*:*538ce93aa65d88c9de771143" name="Bracket &lt;12&gt;"
                      rigidGroup="root-MR1WP7DUJo8n64k9q.MLK6Ts4efHhLNc940"
                      uid="MLRduQm/OcS+MBaIY">
               <Transform>
                  <Rotation>1.000000000 -0.000000000 0.000000000 0.000000000 0.979655831 0.200684960 -0.000000000 -0.200684960 0.979655831 </Rotation>
                  <Translation>-0.000000000 -0.024267257 -0.083142241 </Translation>
               </Transform>
            </Instance>
            <Instance entityUid="Rm5P*:*538ce93aa65d88c9de771143"
                      name="Spring Pin, 1/8-in OD, 1/4-in L &lt;29&gt;"
                      rigidGroup="root-MR1WP7DUJo8n64k9q.MguEycW8ppW91wnus"
                      uid="MBivq7+qIGo9E9O3k">
               <Transform>
                  <Rotation>1.000000000 -0.000000000 0.000000000 0.000000000 0.991741763 0.128250827 -0.000000000 -0.128250827 0.991741763 </Rotation>
                  <Translation>-0.000000000 -0.013061974 -0.047409372 </Translation>
               </Transform>
            </Instance>
            <Instance entityUid="Rm6D*:*538ce93aa65d88c9de771143" name="Lock tabs &lt;10&gt;"
                      rigidGroup="root-MR1WP7DUJo8n64k9q.MLK6Ts4efHhLNc940"
                      uid="MF/VvzbF32Sl6JzB9">
               <Transform>
                  <Rotation>1.000000000 -0.000000000 0.000000000 0.000000000 0.979655831 0.200684960 -0.000000000 -0.200684960 0.979655831 </Rotation>
                  <Translation>-0.000000000 -0.024267257 -0.083142241 </Translation>
               </Transform>
            </Instance>
            <Instance entityUid="Rd6b*:*538ce93aa65d88c9de771143"
                      name="Spring Pin, 1/8-in OD, 1/4-in L &lt;38&gt;"
                      rigidGroup="root-MR1WP7DUJo8n64k9q.MLK6Ts4efHhLNc940"
                      uid="MeqbAqRKgmbz+q6nq">
               <Transform>
                  <Rotation>1.000000000 -0.000000000 0.000000000 0.000000000 0.979655831 0.200684960 -0.000000000 -0.200684960 0.979655831 </Rotation>
                  <Translation>-0.000000000 -0.024267257 -0.083142241 </Translation>
               </Transform>
            </Instance>
            <Instance entityUid="Ri5H*:*538ce93aa65d88c9de771143"
                      name="Spring Pin, 1/8-in OD, 1/4-in L &lt;12&gt;"
                      rigidGroup="root-MR1WP7DUJo8n64k9q.MCcjhjf/fcWC8Mq4e"
                      uid="MRLyi40RQCmiU7uNU">
               <Transform>
                  <Rotation>1.000000000 -0.000000000 0.000000000 0.000000000 0.997941991 0.064123185 -0.000000000 -0.064123185 0.997941991 </Rotation>
                  <Translation>-0.000000000 -0.005466567 -0.021184628 </Translation>
               </Transform>
            </Instance>
            <Instance entityUid="ZTNDT*:*77faeddc003adba5d8099293" name="link1fl &lt;1&gt;"
                      rigidGroup="root-MR1WP7DUJo8n64k9q.MMCLPEuLOO9uutOfQ"
                      uid="MkS5hWH/RkA0i3p5D">
               <Transform>
                  <Rotation>1.000000000 -0.000000000 0.000000000 0.000000000 0.998775798 0.049466207 -0.000000000 -0.049466207 0.998775798 </Rotation>
                  <Translation>-0.000000000 -0.006578106 -0.016970139 </Translation>
               </Transform>
            </Instance>
            <Instance entityUid="R84L*:*538ce93aa65d88c9de771143"
                      name="Spring Pin, 1/8-in OD, 1/4-in L &lt;20&gt;"
                      rigidGroup="root-MR1WP7DUJo8n64k9q.MCcjhjf/fcWC8Mq4e"
                      uid="MAGy4FNuk+Sl3mxbR">
               <Transform>
                  <Rotation>1.000000000 -0.000000000 0.000000000 0.000000000 0.997941991 0.064123185 -0.000000000 -0.064123185 0.997941991 </Rotation>
                  <Translation>-0.000000000 -0.005466567 -0.021184628 </Translation>
               </Transform>
            </Instance>
            <Instance entityUid="RF5D*:*538ce93aa65d88c9de771143" name="Frame Part &lt;2&gt;"
                      rigidGroup="root-MR1WP7DUJo8n64k9q.MguEycW8ppW91wnus"
                      uid="MID7bd/w3Vc9byvaM">
               <Transform>
                  <Rotation>1.000000000 -0.000000000 0.000000000 0.000000000 0.991741763 0.128250827 -0.000000000 -0.128250827 0.991741763 </Rotation>
                  <Translation>-0.000000000 -0.013061974 -0.047409372 </Translation>
               </Transform>
            </Instance>
            <Instance entityUid="R35T*:*538ce93aa65d88c9de771143" name="Lock tabs &lt;9&gt;"
                      rigidGroup="root-MR1WP7DUJo8n64k9q.MCcjhjf/fcWC8Mq4e"
                      uid="MUCmXO/LrGKPdtr7L">
               <Transform>
                  <Rotation>1.000000000 -0.000000000 0.000000000 0.000000000 0.997941991 0.064123185 -0.000000000 -0.064123185 0.997941991 </Rotation>
                  <Translation>-0.000000000 -0.005466567 -0.021184628 </Translation>
               </Transform>
            </Instance>
            <Instance entityUid="R24L*:*538ce93aa65d88c9de771143"
                      name="Spring Pin, 1/8-in OD, 1/4-in L &lt;8&gt;"
                      rigidGroup="root-MR1WP7DUJo8n64k9q.MCcjhjf/fcWC8Mq4e"
