<?xml version="1.0" encoding="utf-8"?>
<SimscapeMultibodyImportXML xmlns="urn:mathworks:SimscapeMultibody:import"
                            xmlns:xsi="http://www.w3.org/2001/XMLSchema-instance"
                            version="2.0">
   <Created by="Tony" from="Onshape" on="04/09/22||23:33:22"
            using="Simscape Multibody Exporter"/>
   <ModelUnits length="inch" mass="pound"/>
   <DataUnits length="meter" mass="kilogram"/>
   <RootAssembly name="Head Linkage, 7 ft" uid="44e537bc1b1b1a76bddd81a7"
                 version="w-c8b2eb9226fbf412ec5f435b">
      <InstanceTree>
         <Instance entityUid="Zn1GD*:*77faeddc003adba5d8099293" name="Washer, #10 &lt;32&gt;"
                   rigidGroup="root.MQEnLF/1Q05gMG8DF"
                   uid="MYw4MS/OHD0QT7W9a">
            <Transform>
               <Rotation>1.000000000 -0.000000000 0.000000000 0.000000000 0.968913151 0.247401102 -0.000000000 -0.247401102 0.968913151 </Rotation>
               <Translation>-0.000000000 -0.032846208 -0.101859752 </Translation>
            </Transform>
         </Instance>
         <Instance entityUid="R8/H*:*77faeddc003adba5d8099293" name="Part 813 &lt;1&gt;"
                   rigidGroup="root.MQEnLF/1Q05gMG8DF"
                   uid="MYVSFscIr7rtRNwJa">
            <Transform>
               <Rotation>1.000000000 -0.000000000 0.000000000 0.000000000 0.968913151 0.247401102 -0.000000000 -0.247401102 0.968913151 </Rotation>
               <Translation>-0.000000000 -0.032846208 -0.101859752 </Translation>
            </Transform>
         </Instance>
         <Instance entityUid="Sl6XB*:*6022ce270456cc1fdc9c249b" name="Set Screw, #4 1/4 in &lt;2&gt;"
                   rigidGroup="root.MwnnEORAj129v3Xk7"
                   uid="Mp447an8/sOSIhopk">
            <Transform>
               <Rotation>1.000000000 -0.000000000 0.000000000 0.000000000 0.921060509 0.389419490 -0.000000000 -0.389419490 0.921060509 </Rotation>
               <Translation>-0.000000000 -0.077434141 -0.207480125 </Translation>
            </Transform>
         </Instance>
         <Instance entityUid="Rd6T*:*538ce93aa65d88c9de771143"
                   name="Spring Pin, 1/8-in OD, 1/4-in L &lt;16&gt;"
                   rigidGroup="root.MEl8jQz9/CG8/O4eO"
                   uid="MOIgXNLgoX0Q6XxdC">
            <Transform>
               <Rotation>1.000000000 -0.000000000 0.000000000 -0.000000000 0.968913151 0.247401102 -0.000000000 -0.247401102 0.968913151 </Rotation>
               <Translation>-0.000000000 -0.032846208 -0.101859752 </Translation>
            </Transform>
         </Instance>
         <Instance entityUid="RM6T*:*538ce93aa65d88c9de771143" name="Set Screw, #4 1/4 in &lt;11&gt;"
                   rigidGroup="root.MEl8jQz9/CG8/O4eO"
                   uid="M98PHUDk2fvmpzGnm">
            <Transform>
               <Rotation>1.000000000 -0.000000000 0.000000000 -0.000000000 0.968913151 0.247401102 -0.000000000 -0.247401102 0.968913151 </Rotation>
               <Translation>-0.000000000 -0.032846208 -0.101859752 </Translation>
            </Transform>
         </Instance>
         <Instance entityUid="ZOFHD*:*267b11cd5e5daf47522cf76c" name="bulkheads6 &lt;2&gt;"
                   uid="Mz64AEYHjq+DvP2V/">
            <Transform>
               <Rotation>1.000000000 0.000000000 0.000000000 0.000000000 0.999844712 -0.017622493 -0.000000000 0.017622493 0.999844712 </Rotation>
               <Translation>-0.000000000 0.002138756 0.006119247 </Translation>
            </Transform>
         </Instance>
         <Instance entityUid="RZ5D*:*538ce93aa65d88c9de771143" name="Spacer &lt;1&gt;"
                   rigidGroup="root.MmMT5rf8dRevUGXEq"
                   uid="Mn1NBEnDIVIEAsTuk">
            <Transform>
               <Rotation>1.000000000 -0.000000000 0.000000000 -0.000000000 0.996714988 0.080989090 -0.000000000 -0.080989090 0.996714988 </Rotation>
               <Translation>-0.000000000 -0.007316073 -0.026746902 </Translation>
            </Transform>
         </Instance>
         <Instance entityUid="R4rH*:*77faeddc003adba5d8099293"
                   name="Spring Pin, 1/8-in OD, 1/4-in L &lt;41&gt;"
                   rigidGroup="root.MxTI9N5sgsBDegMlZ"
                   uid="MwHD0YbT3ZnTvrbPc">
            <Transform>
               <Rotation>1.000000000 -0.000000000 0.000000000 0.000000000 0.999844712 -0.017622493 -0.000000000 0.017622493 0.999844712 </Rotation>
               <Translation>-0.000000000 0.002138756 0.006119247 </Translation>
            </Transform>
         </Instance>
         <Instance entityUid="Rf6L*:*6022ce270456cc1fdc9c249b"
                   name="Spring Pin, 1/8-in OD, 1/4-in L &lt;5&gt;"
                   rigidGroup="root.MwnnEORAj129v3Xk7"
                   uid="MdVxwfJIdDePtwbZD">
            <Transform>
               <Rotation>1.000000000 -0.000000000 0.000000000 0.000000000 0.921060509 0.389419490 -0.000000000 -0.389419490 0.921060509 </Rotation>
               <Translation>-0.000000000 -0.077434141 -0.207480125 </Translation>
            </Transform>
         </Instance>
         <Instance entityUid="ZwNDD*:*77faeddc003adba5d8099293"
                   name="Spring Pin, 1/8-in OD, 1/4-in L &lt;257&gt;"
                   rigidGroup="root.MxTI9N5sgsBDegMlZ"
                   uid="MPenZZz+rmGBBkuta">
            <Transform>
               <Rotation>1.000000000 -0.000000000 0.000000000 0.000000000 0.999844712 -0.017622493 -0.000000000 0.017622493 0.999844712 </Rotation>
               <Translation>-0.000000000 0.002138756 0.006119247 </Translation>
            </Transform>
         </Instance>
         <Instance entityUid="ZMlUP*:*6022ce270456cc1fdc9c249b" name="Part 72 &lt;1&gt;"
                   rigidGroup="root.MwnnEORAj129v3Xk7"
                   uid="M/6nP8qwCKVqLksdD">
            <Transform>
               <Rotation>1.000000000 -0.000000000 0.000000000 0.000000000 0.921060509 0.389419490 -0.000000000 -0.389419490 0.921060509 </Rotation>
               <Translation>-0.000000000 -0.077434141 -0.207480125 </Translation>
            </Transform>
         </Instance>
         <Instance entityUid="RB7D*:*6022ce270456cc1fdc9c249b" name="Screw, #10 3/4-in &lt;1&gt;"
                   rigidGroup="root.MwnnEORAj129v3Xk7"
                   uid="MXA+aUJyE36H0v05Q">
            <Transform>
               <Rotation>1.000000000 -0.000000000 0.000000000 0.000000000 0.921060509 0.389419490 -0.000000000 -0.389419490 0.921060509 </Rotation>
               <Translation>-0.000000000 -0.077434141 -0.207480125 </Translation>
            </Transform>
         </Instance>
         <Instance entityUid="ZsABf*:*77faeddc003adba5d8099293" name="Part 3 &lt;4&gt;"
                   rigidGroup="root.MQEnLF/1Q05gMG8DF"
                   uid="Mf4k+egQQpR6GEJPT">
            <Transform>
               <Rotation>1.000000000 -0.000000000 0.000000000 0.000000000 0.968913151 0.247401102 -0.000000000 -0.247401102 0.968913151 </Rotation>
               <Translation>-0.000000000 -0.032846208 -0.101859752 </Translation>
            </Transform>
         </Instance>
         <Instance entityUid="Rm6D*:*538ce93aa65d88c9de771143" name="Lock tabs &lt;1&gt;"
                   rigidGroup="root.MEl8jQz9/CG8/O4eO"
                   uid="MARKw8FQwDxN9/pVt">
            <Transform>
               <Rotation>1.000000000 -0.000000000 0.000000000 -0.000000000 0.968913151 0.247401102 -0.000000000 -0.247401102 0.968913151 </Rotation>
               <Translation>-0.000000000 -0.032846208 -0.101859752 </Translation>
            </Transform>
         </Instance>
         <Instance entityUid="ZIODL*:*77faeddc003adba5d8099293" name="Screw, #10 3/4-in &lt;15&gt;"
                   rigidGroup="root.MxTI9N5sgsBDegMlZ"
                   uid="MOCRZqLu/5HGWoo7w">
            <Transform>
               <Rotation>1.000000000 -0.000000000 0.000000000 0.000000000 0.999844712 -0.017622493 -0.000000000 0.017622493 0.999844712 </Rotation>
               <Translation>-0.000000000 0.002138756 0.006119247 </Translation>
            </Transform>
         </Instance>
         <Instance entityUid="ZaGHD*:*267b11cd5e5daf47522cf76c" name="bulkheads8 &lt;2&gt;"
                   rigidGroup="root.MjwBwR5t6Kfs0PkV/"
                   uid="My13KyEN+9374EJ1g">
            <Transform>
               <Rotation>1.000000000 -0.000000000 0.000000000 0.000000000 0.968913151 0.247401102 -0.000000000 -0.247401102 0.968913151 </Rotation>
               <Translation>-0.000000000 -0.032846208 -0.101859752 </Translation>
            </Transform>
         </Instance>
         <Instance entityUid="R+/L*:*77faeddc003adba5d8099293" name="Part 821 &lt;1&gt;"
                   rigidGroup="root.MQEnLF/1Q05gMG8DF"
                   uid="MsQe+Un1SFqDeUBU4">
            <Transform>
               <Rotation>1.000000000 -0.000000000 0.000000000 0.000000000 0.968913151 0.247401102 -0.000000000 -0.247401102 0.968913151 </Rotation>
               <Translation>-0.000000000 -0.032846208 -0.101859752 </Translation>
            </Transform>
         </Instance>
         <Instance entityUid="ZwABD*:*6022ce270456cc1fdc9c249b" name="Part 1 &lt;5&gt;"
                   rigidGroup="root.MwnnEORAj129v3Xk7"
                   uid="MX/hLIHPcEBZ1B/mX">
            <Transform>
               <Rotation>1.000000000 -0.000000000 0.000000000 0.000000000 0.921060509 0.389419490 -0.000000000 -0.389419490 0.921060509 </Rotation>
               <Translation>-0.000000000 -0.077434141 -0.207480125 </Translation>
            </Transform>
         </Instance>
         <Instance entityUid="RC7n*:*6022ce270456cc1fdc9c249b" name="Washer, #10 &lt;1&gt;"
                   rigidGroup="root.MwnnEORAj129v3Xk7"
                   uid="MjiFGLN/UGjngt5fK">
            <Transform>
               <Rotation>1.000000000 -0.000000000 0.000000000 0.000000000 0.921060509 0.389419490 -0.000000000 -0.389419490 0.921060509 </Rotation>
               <Translation>-0.000000000 -0.077434141 -0.207480125 </Translation>
            </Transform>
         </Instance>
         <Instance entityUid="Rv5n*:*538ce93aa65d88c9de771143"
                   name="Spring Pin, 1/8-in OD, 1/4-in L &lt;16&gt;"
                   rigidGroup="root.MmMT5rf8dRevUGXEq"
                   uid="M1UV1Sxyf+8pOH6DS">
            <Transform>
               <Rotation>1.000000000 -0.000000000 0.000000000 -0.000000000 0.996714988 0.080989090 -0.000000000 -0.080989090 0.996714988 </Rotation>
               <Translation>-0.000000000 -0.007316073 -0.026746902 </Translation>
            </Transform>
         </Instance>
         <Instance entityUid="R4rr*:*77faeddc003adba5d8099293"
                   name="Spring Pin, 1/8-in OD, 1/4-in L &lt;46&gt;"
                   rigidGroup="root.MxTI9N5sgsBDegMlZ"
                   uid="M1ITuPO/Ns3NZApU4">
            <Transform>
               <Rotation>1.000000000 -0.000000000 0.000000000 0.000000000 0.999844712 -0.017622493 -0.000000000 0.017622493 0.999844712 </Rotation>
               <Translation>-0.000000000 0.002138756 0.006119247 </Translation>
            </Transform>
         </Instance>
         <Instance entityUid="RxrX*:*77faeddc003adba5d8099293" name="Hinge &lt;14&gt;"
                   rigidGroup="root.MxTI9N5sgsBDegMlZ"
                   uid="M9LDnXZwcRAZqym+Y">
            <Transform>
               <Rotation>1.000000000 -0.000000000 0.000000000 0.000000000 0.999844712 -0.017622493 -0.000000000 0.017622493 0.999844712 </Rotation>
               <Translation>-0.000000000 0.002138756 0.006119247 </Translation>
            </Transform>
         </Instance>
         <Instance entityUid="RF5P*:*77faeddc003adba5d8099293" name="Screw, #8 1/2 in &lt;55&gt;"
                   rigidGroup="root.MxTI9N5sgsBDegMlZ"
                   uid="MumvelwdTrbeeoaDa">
            <Transform>
               <Rotation>1.000000000 -0.000000000 0.000000000 0.000000000 0.999844712 -0.017622493 -0.000000000 0.017622493 0.999844712 </Rotation>
               <Translation>-0.000000000 0.002138756 0.006119247 </Translation>
            </Transform>
         </Instance>
         <Instance entityUid="Ri5H*:*538ce93aa65d88c9de771143"
                   name="Spring Pin, 1/8-in OD, 1/4-in L &lt;7&gt;"
                   rigidGroup="root.MmMT5rf8dRevUGXEq"
                   uid="Mf7gu+a3TMATF59sV">
            <Transform>
               <Rotation>1.000000000 -0.000000000 0.000000000 -0.000000000 0.996714988 0.080989090 -0.000000000 -0.080989090 0.996714988 </Rotation>
               <Translation>-0.000000000 -0.007316073 -0.026746902 </Translation>
            </Transform>
         </Instance>
         <Instance entityUid="RF5L*:*77faeddc003adba5d8099293" name="Washer, #8 &lt;66&gt;"
                   rigidGroup="root.MxTI9N5sgsBDegMlZ"
                   uid="Mx6MgeWz+16/V/8hr">
            <Transform>
               <Rotation>1.000000000 -0.000000000 0.000000000 0.000000000 0.999844712 -0.017622493 -0.000000000 0.017622493 0.999844712 </Rotation>
               <Translation>-0.000000000 0.002138756 0.006119247 </Translation>
            </Transform>
         </Instance>
         <Instance entityUid="R06D*:*77faeddc003adba5d8099293" name="Washer, #10 &lt;7&gt;"
                   rigidGroup="root.MQEnLF/1Q05gMG8DF"
                   uid="MIYXzakYGTXkIK+dP">
            <Transform>
               <Rotation>1.000000000 -0.000000000 0.000000000 0.000000000 0.968913151 0.247401102 -0.000000000 -0.247401102 0.968913151 </Rotation>
               <Translation>-0.000000000 -0.032846208 -0.101859752 </Translation>
            </Transform>
         </Instance>
         <Instance entityUid="RA5H*:*538ce93aa65d88c9de771143" name="Washer, #8 &lt;1&gt;"
                   rigidGroup="root.MmMT5rf8dRevUGXEq"
                   uid="MKKl0voej6tXb7MQ+">
            <Transform>
               <Rotation>1.000000000 -0.000000000 0.000000000 -0.000000000 0.996714988 0.080989090 -0.000000000 -0.080989090 0.996714988 </Rotation>
               <Translation>-0.000000000 -0.007316073 -0.026746902 </Translation>
            </Transform>
         </Instance>
         <Instance entityUid="RrrD*:*77faeddc003adba5d8099293" name="Bracket &lt;23&gt;"
                   rigidGroup="root.MxTI9N5sgsBDegMlZ"
                   uid="MdJepFwhtuF0oae9y">
            <Transform>
               <Rotation>1.000000000 -0.000000000 0.000000000 0.000000000 0.999844712 -0.017622493 -0.000000000 0.017622493 0.999844712 </Rotation>
               <Translation>-0.000000000 0.002138756 0.006119247 </Translation>
            </Transform>
         </Instance>
         <Instance entityUid="R8/T*:*77faeddc003adba5d8099293" name="Part 816 &lt;1&gt;"
                   rigidGroup="root.MQEnLF/1Q05gMG8DF"
                   uid="MTAG7X8l1U9olpCbD">
            <Transform>
               <Rotation>1.000000000 -0.000000000 0.000000000 0.000000000 0.968913151 0.247401102 -0.000000000 -0.247401102 0.968913151 </Rotation>
               <Translation>-0.000000000 -0.032846208 -0.101859752 </Translation>
            </Transform>
         </Instance>
         <Instance entityUid="ZwABH*:*6022ce270456cc1fdc9c249b" name="Part 2 &lt;5&gt;"
                   rigidGroup="root.MwnnEORAj129v3Xk7"
                   uid="M8AQ1z1ZeuF+FC6P5">
            <Transform>
               <Rotation>1.000000000 -0.000000000 0.000000000 0.000000000 0.921060509 0.389419490 -0.000000000 -0.389419490 0.921060509 </Rotation>
               <Translation>-0.000000000 -0.077434141 -0.207480125 </Translation>
            </Transform>
         </Instance>
         <Instance entityUid="Ri5L*:*538ce93aa65d88c9de771143"
                   name="Spring Pin, 1/8-in OD, 1/4-in L &lt;8&gt;"
                   rigidGroup="root.MmMT5rf8dRevUGXEq"
                   uid="MvXgETN+ayD16rD/c">
            <Transform>
               <Rotation>1.000000000 -0.000000000 0.000000000 -0.000000000 0.996714988 0.080989090 -0.000000000 -0.080989090 0.996714988 </Rotation>
               <Translation>-0.000000000 -0.007316073 -0.026746902 </Translation>
            </Transform>
         </Instance>
         <Instance entityUid="R8/X*:*77faeddc003adba5d8099293" name="Part 817 &lt;1&gt;"
                   rigidGroup="root.MQEnLF/1Q05gMG8DF"
                   uid="MYRrPpVwsDjxx+N6R">
            <Transform>
               <Rotation>1.000000000 -0.000000000 0.000000000 0.000000000 0.968913151 0.247401102 -0.000000000 -0.247401102 0.968913151 </Rotation>
               <Translation>-0.000000000 -0.032846208 -0.101859752 </Translation>
            </Transform>
         </Instance>
         <Instance entityUid="RM6H*:*538ce93aa65d88c9de771143"
                   name="Spring Pin, 1/8-in OD, 1/4-in L &lt;9&gt;"
                   rigidGroup="root.MEl8jQz9/CG8/O4eO"
                   uid="MYa6D2Ygs2Mca4wjS">
            <Transform>
               <Rotation>1.000000000 -0.000000000 0.000000000 -0.000000000 0.968913151 0.247401102 -0.000000000 -0.247401102 0.968913151 </Rotation>
               <Translation>-0.000000000 -0.032846208 -0.101859752 </Translation>
            </Transform>
         </Instance>
         <Instance entityUid="Rd6b*:*538ce93aa65d88c9de771143"
                   name="Spring Pin, 1/8-in OD, 1/4-in L &lt;17&gt;"
                   rigidGroup="root.MEl8jQz9/CG8/O4eO"
                   uid="MGzY1z/3mAEP8rfNL">
            <Transform>
               <Rotation>1.000000000 -0.000000000 0.000000000 -0.000000000 0.968913151 0.247401102 -0.000000000 -0.247401102 0.968913151 </Rotation>
               <Translation>-0.000000000 -0.032846208 -0.101859752 </Translation>
            </Transform>
         </Instance>
         <Instance entityUid="Z41Gn*:*77faeddc003adba5d8099293" name="nut &lt;10&gt;"
                   rigidGroup="root.MQEnLF/1Q05gMG8DF"
                   uid="MZCPsYXXS2wjMU8Qe">
            <Transform>
               <Rotation>1.000000000 -0.000000000 0.000000000 0.000000000 0.968913151 0.247401102 -0.000000000 -0.247401102 0.968913151 </Rotation>
               <Translation>-0.000000000 -0.032846208 -0.101859752 </Translation>
            </Transform>
         </Instance>
         <Instance entityUid="RrrH*:*77faeddc003adba5d8099293"
                   name="Spring Pin, 1/8-in OD, 1/4-in L &lt;32&gt;"
                   rigidGroup="root.MxTI9N5sgsBDegMlZ"
                   uid="M+uxBr5IpGta1uuTu">
            <Transform>
               <Rotation>1.000000000 -0.000000000 0.000000000 0.000000000 0.999844712 -0.017622493 -0.000000000 0.017622493 0.999844712 </Rotation>
               <Translation>-0.000000000 0.002138756 0.006119247 </Translation>
            </Transform>
         </Instance>
         <Instance entityUid="R+/P*:*77faeddc003adba5d8099293" name="Part 822 &lt;1&gt;"
                   rigidGroup="root.MQEnLF/1Q05gMG8DF"
                   uid="MnphIEE1kvIvLeZlu">
            <Transform>
               <Rotation>1.000000000 -0.000000000 0.000000000 0.000000000 0.968913151 0.247401102 -0.000000000 -0.247401102 0.968913151 </Rotation>
               <Translation>-0.000000000 -0.032846208 -0.101859752 </Translation>
            </Transform>
         </Instance>
         <Instance entityUid="RBsL*:*77faeddc003adba5d8099293" name="Spacer &lt;6&gt;"
                   rigidGroup="root.MxTI9N5sgsBDegMlZ"
                   uid="Mq/qcWDZIEhjQ/BbW">
            <Transform>
               <Rotation>1.000000000 -0.000000000 0.000000000 0.000000000 0.999844712 -0.017622493 -0.000000000 0.017622493 0.999844712 </Rotation>
               <Translation>-0.000000000 0.002138756 0.006119247 </Translation>
            </Transform>
         </Instance>
         <Instance entityUid="RurT*:*77faeddc003adba5d8099293" name="Set Screw, #4 1/4 in &lt;24&gt;"
                   rigidGroup="root.MxTI9N5sgsBDegMlZ"
                   uid="MOtHI/143eVc5rhKR">
            <Transform>
               <Rotation>1.000000000 -0.000000000 0.000000000 0.000000000 0.999844712 -0.017622493 -0.000000000 0.017622493 0.999844712 </Rotation>
               <Translation>-0.000000000 0.002138756 0.006119247 </Translation>
            </Transform>
         </Instance>
         <Instance entityUid="ZB3GD*:*6022ce270456cc1fdc9c249b" name="Standoff &lt;4&gt;"
                   rigidGroup="root.MwnnEORAj129v3Xk7"
                   uid="MrbG9o/mIrgvuxCNz">
            <Transform>
               <Rotation>1.000000000 -0.000000000 0.000000000 0.000000000 0.921060509 0.389419490 -0.000000000 -0.389419490 0.921060509 </Rotation>
               <Translation>-0.000000000 -0.077434141 -0.207480125 </Translation>
            </Transform>
         </Instance>
         <Instance entityUid="ZKODL*:*77faeddc003adba5d8099293" name="forward_torso_l &lt;2&gt;"
                   rigidGroup="root.MxTI9N5sgsBDegMlZ"
                   uid="M8PuofpSnhbMqT9Z9">
            <Transform>
               <Rotation>1.000000000 -0.000000000 0.000000000 0.000000000 0.999844712 -0.017622493 -0.000000000 0.017622493 0.999844712 </Rotation>
               <Translation>-0.000000000 0.002138756 0.006119247 </Translation>
            </Transform>
         </Instance>
         <Instance entityUid="R4rP*:*77faeddc003adba5d8099293"
                   name="Spring Pin, 1/8-in OD, 1/4-in L &lt;43&gt;"
                   rigidGroup="root.MxTI9N5sgsBDegMlZ"
                   uid="M+fLk4+zkQ3v+eQIJ">
            <Transform>
               <Rotation>1.000000000 -0.000000000 0.000000000 0.000000000 0.999844712 -0.017622493 -0.000000000 0.017622493 0.999844712 </Rotation>
               <Translation>-0.000000000 0.002138756 0.006119247 </Translation>
            </Transform>
         </Instance>
         <Instance entityUid="Z9kUD*:*6022ce270456cc1fdc9c249b" name="Part 65 &lt;1&gt;"
                   rigidGroup="root.MwnnEORAj129v3Xk7"
                   uid="MXVmyulj63Mhg/ZJ2">
            <Transform>
               <Rotation>1.000000000 -0.000000000 0.000000000 0.000000000 0.921060509 0.389419490 -0.000000000 -0.389419490 0.921060509 </Rotation>
               <Translation>-0.000000000 -0.077434141 -0.207480125 </Translation>
            </Transform>
         </Instance>
         <Instance entityUid="R06H*:*77faeddc003adba5d8099293" name="Screw, #10 3/4-in &lt;7&gt;"
                   rigidGroup="root.MQEnLF/1Q05gMG8DF"
                   uid="Mg+8vGHNzqO+S8uOb">
            <Transform>
               <Rotation>1.000000000 -0.000000000 0.000000000 0.000000000 0.968913151 0.247401102 -0.000000000 -0.247401102 0.968913151 </Rotation>
               <Translation>-0.000000000 -0.032846208 -0.101859752 </Translation>
            </Transform>
         </Instance>
         <Instance entityUid="R84T*:*538ce93aa65d88c9de771143" name="Set Screw, #4 1/4 in &lt;14&gt;"
                   rigidGroup="root.MmMT5rf8dRevUGXEq"
                   uid="MgVzihXSkHwul+VUM">
            <Transform>
               <Rotation>1.000000000 -0.000000000 0.000000000 -0.000000000 0.996714988 0.080989090 -0.000000000 -0.080989090 0.996714988 </Rotation>
               <Translation>-0.000000000 -0.007316073 -0.026746902 </Translation>
            </Transform>
         </Instance>
         <Instance entityUid="b95215595f6d9c131ccb5c30" name="Neck Actuator &lt;1&gt;"
                   uid="MXh1GZHnK46Vsuh0q">
            <Transform>
               <Rotation>1.000000000 0.000000000 0.000000000 0.000000000 1.000000000 0.000000000 0.000000000 0.000000000 1.000000000 </Rotation>
               <Translation>0.000000000 0.000000000 0.000000000 </Translation>
            </Transform>
            <Instance entityUid="ZIebz*:*0867159aaf4afdabdb8e2bc3" name="Part 25 &lt;1&gt;"
                      rigidGroup="root-MXh1GZHnK46Vsuh0q.MlvhkemNfGpammZWQ"
                      uid="M1One6qZzJvolWs3q">
               <Transform>
                  <Rotation>1.000000000 -0.000000000 0.000000000 0.000000000 0.997572730 0.069632230 -0.000000000 -0.069632230 0.997572730 </Rotation>
                  <Translation>-0.152400000 0.224142547 -0.034022175 </Translation>
               </Transform>
            </Instance>
            <Instance entityUid="ZIebv*:*0867159aaf4afdabdb8e2bc3" name="Part 24 &lt;1&gt;"
                      rigidGroup="root-MXh1GZHnK46Vsuh0q.MpnRDrZr/rlNT5eb9"
                      uid="MGSHcPVJOdn8xIF74">
               <Transform>
                  <Rotation>1.000000000 -0.000000000 0.000000000 0.000000000 0.997572730 0.069632230 -0.000000000 -0.069632230 0.997572730 </Rotation>
                  <Translation>-0.152400000 0.294295663 -0.048483911 </Translation>
               </Transform>
            </Instance>
            <Instance entityUid="ZIebH*:*0867159aaf4afdabdb8e2bc3" name="Part 15 &lt;1&gt;"
                      rigidGroup="root-MXh1GZHnK46Vsuh0q.MlvhkemNfGpammZWQ"
                      uid="MwmIyQzOW0FaC/lOY">
               <Transform>
                  <Rotation>1.000000000 -0.000000000 0.000000000 0.000000000 0.997572730 0.069632230 -0.000000000 -0.069632230 0.997572730 </Rotation>
                  <Translation>-0.152400000 0.224142547 -0.034022175 </Translation>
               </Transform>
            </Instance>
            <Instance entityUid="ZIebf*:*0867159aaf4afdabdb8e2bc3" name="Part 21 &lt;1&gt;"
                      rigidGroup="root-MXh1GZHnK46Vsuh0q.MpnRDrZr/rlNT5eb9"
                      uid="MDrk2PmRWb84tbvYj">
               <Transform>
                  <Rotation>1.000000000 -0.000000000 0.000000000 0.000000000 0.997572730 0.069632230 -0.000000000 -0.069632230 0.997572730 </Rotation>
                  <Translation>-0.152400000 0.294295663 -0.048483911 </Translation>
               </Transform>
            </Instance>
            <Instance entityUid="ZIebr*:*0867159aaf4afdabdb8e2bc3" name="Part 23 &lt;1&gt;"
                      rigidGroup="root-MXh1GZHnK46Vsuh0q.MlvhkemNfGpammZWQ"
                      uid="M0R+WZdbHpV7E/hDf">
               <Transform>
                  <Rotation>1.000000000 -0.000000000 0.000000000 0.000000000 0.997572730 0.069632230 -0.000000000 -0.069632230 0.997572730 </Rotation>
                  <Translation>-0.152400000 0.224142547 -0.034022175 </Translation>
               </Transform>
            </Instance>
            <Instance entityUid="ZIebb*:*0867159aaf4afdabdb8e2bc3" name="Part 20 &lt;1&gt;"
                      rigidGroup="root-MXh1GZHnK46Vsuh0q.MpnRDrZr/rlNT5eb9"
                      uid="M7MEJss62u8tsZLng">
               <Transform>
                  <Rotation>1.000000000 -0.000000000 0.000000000 0.000000000 0.997572730 0.069632230 -0.000000000 -0.069632230 0.997572730 </Rotation>
                  <Translation>-0.152400000 0.294295663 -0.048483911 </Translation>
               </Transform>
            </Instance>
            <Instance entityUid="ZMebD*:*0867159aaf4afdabdb8e2bc3" name="Part 26 &lt;1&gt;"
                      rigidGroup="root-MXh1GZHnK46Vsuh0q.MlvhkemNfGpammZWQ"
                      uid="MMefQwSdey1t/78V8">
               <Transform>
                  <Rotation>1.000000000 -0.000000000 0.000000000 0.000000000 0.997572730 0.069632230 -0.000000000 -0.069632230 0.997572730 </Rotation>
                  <Translation>-0.152400000 0.224142547 -0.034022175 </Translation>
               </Transform>
            </Instance>
            <Instance entityUid="ZIebL*:*0867159aaf4afdabdb8e2bc3" name="Part 16 &lt;1&gt;"
                      rigidGroup="root-MXh1GZHnK46Vsuh0q.MlvhkemNfGpammZWQ"
                      uid="MVjSBQeksA2epxH8C">
               <Transform>
                  <Rotation>1.000000000 -0.000000000 0.000000000 0.000000000 0.997572730 0.069632230 -0.000000000 -0.069632230 0.997572730 </Rotation>
                  <Translation>-0.152400000 0.224142547 -0.034022175 </Translation>
               </Transform>
            </Instance>
            <Instance entityUid="ZIebT*:*0867159aaf4afdabdb8e2bc3" grounded="true" name="Part 18 &lt;1&gt;"
                      rigidGroup="root-MXh1GZHnK46Vsuh0q.MpnRDrZr/rlNT5eb9"
                      uid="Mu7S1o55WjyrB+qdz">
               <Transform>
                  <Rotation>1.000000000 -0.000000000 0.000000000 0.000000000 0.997572730 0.069632230 -0.000000000 -0.069632230 0.997572730 </Rotation>
                  <Translation>-0.152400000 0.294295663 -0.048483911 </Translation>
               </Transform>
            </Instance>
            <Instance entityUid="ZIebX*:*0867159aaf4afdabdb8e2bc3" name="Part 19 &lt;1&gt;"
                      rigidGroup="root-MXh1GZHnK46Vsuh0q.MpnRDrZr/rlNT5eb9"
                      uid="MoKlT6tUP2bA5v3m8">
               <Transform>
                  <Rotation>1.000000000 -0.000000000 0.000000000 0.000000000 0.997572730 0.069632230 -0.000000000 -0.069632230 0.997572730 </Rotation>
                  <Translation>-0.152400000 0.294295663 -0.048483911 </Translation>
               </Transform>
            </Instance>
            <Instance entityUid="ZIebP*:*0867159aaf4afdabdb8e2bc3" name="Part 17 &lt;1&gt;"
                      rigidGroup="root-MXh1GZHnK46Vsuh0q.MpnRDrZr/rlNT5eb9"
                      uid="MvFvhl7SHrAmrDU48">
               <Transform>
                  <Rotation>1.000000000 -0.000000000 0.000000000 0.000000000 0.997572730 0.069632230 -0.000000000 -0.069632230 0.997572730 </Rotation>
                  <Translation>-0.152400000 0.294295663 -0.048483911 </Translation>
               </Transform>
            </Instance>
            <Instance entityUid="ZIebD*:*0867159aaf4afdabdb8e2bc3" name="Part 14 &lt;1&gt;"
                      rigidGroup="root-MXh1GZHnK46Vsuh0q.MlvhkemNfGpammZWQ"
                      uid="MPRse+SVXdtcgvHuW">
               <Transform>
                  <Rotation>1.000000000 -0.000000000 0.000000000 0.000000000 0.997572730 0.069632230 -0.000000000 -0.069632230 0.997572730 </Rotation>
                  <Translation>-0.152400000 0.224142547 -0.034022175 </Translation>
               </Transform>
            </Instance>
            <Instance entityUid="ZIebn*:*0867159aaf4afdabdb8e2bc3" name="Part 22 &lt;1&gt;"
                      rigidGroup="root-MXh1GZHnK46Vsuh0q.MpnRDrZr/rlNT5eb9"
                      uid="MnBk+oOwhHV67BIS/">
               <Transform>
                  <Rotation>1.000000000 -0.000000000 0.000000000 0.000000000 0.997572730 0.069632230 -0.000000000 -0.069632230 0.997572730 </Rotation>
                  <Translation>-0.152400000 0.294295663 -0.048483911 </Translation>
               </Transform>
            </Instance>
         </Instance>
         <Instance entityUid="Rg5b*:*538ce93aa65d88c9de771143" name="Spacer &lt;1&gt;"
                   rigidGroup="root.MEl8jQz9/CG8/O4eO"
                   uid="M1kvqlJ48xNxi0R/G">
            <Transform>
               <Rotation>1.000000000 -0.000000000 0.000000000 -0.000000000 0.968913151 0.247401102 -0.000000000 -0.247401102 0.968913151 </Rotation>
               <Translation>-0.000000000 -0.032846208 -0.101859752 </Translation>
            </Transform>
         </Instance>
         <Instance entityUid="RN5D*:*538ce93aa65d88c9de771143" name="Spacer &lt;1&gt;"
                   rigidGroup="root.MmMT5rf8dRevUGXEq"
                   uid="McJoaYytikTDk7tuB">
            <Transform>
               <Rotation>1.000000000 -0.000000000 0.000000000 -0.000000000 0.996714988 0.080989090 -0.000000000 -0.080989090 0.996714988 </Rotation>
               <Translation>-0.000000000 -0.007316073 -0.026746902 </Translation>
            </Transform>
         </Instance>
         <Instance entityUid="R84P*:*538ce93aa65d88c9de771143"
                   name="Spring Pin, 1/8-in OD, 1/4-in L &lt;20&gt;"
                   rigidGroup="root.MmMT5rf8dRevUGXEq"
                   uid="MGiVYXgVJrzRs/5L8">
            <Transform>
               <Rotation>1.000000000 -0.000000000 0.000000000 -0.000000000 0.996714988 0.080989090 -0.000000000 -0.080989090 0.996714988 </Rotation>
               <Translation>-0.000000000 -0.007316073 -0.026746902 </Translation>
            </Transform>
         </Instance>
         <Instance entityUid="S4rDB*:*77faeddc003adba5d8099293"
                   name="Spring Pin, 1/8-in OD, 1/4-in L &lt;48&gt;"
                   rigidGroup="root.MxTI9N5sgsBDegMlZ"
                   uid="M7NOQOjrl0xwNLwpH">
            <Transform>
               <Rotation>1.000000000 -0.000000000 0.000000000 0.000000000 0.999844712 -0.017622493 -0.000000000 0.017622493 0.999844712 </Rotation>
               <Translation>-0.000000000 0.002138756 0.006119247 </Translation>
            </Transform>
         </Instance>
         <Instance entityUid="ZwABT*:*6022ce270456cc1fdc9c249b" name="Part 5 &lt;5&gt;"
                   rigidGroup="root.MwnnEORAj129v3Xk7"
                   uid="MrllnVS4qe7q7dVH/">
            <Transform>
               <Rotation>1.000000000 -0.000000000 0.000000000 0.000000000 0.921060509 0.389419490 -0.000000000 -0.389419490 0.921060509 </Rotation>
               <Translation>-0.000000000 -0.077434141 -0.207480125 </Translation>
            </Transform>
         </Instance>
         <Instance entityUid="R25L*:*538ce93aa65d88c9de771143" name="Screw, #8 1/2 in &lt;1&gt;"
                   rigidGroup="root.MmMT5rf8dRevUGXEq"
                   uid="MLj6bhAxhsYKArb+D">
            <Transform>
               <Rotation>1.000000000 -0.000000000 0.000000000 -0.000000000 0.996714988 0.080989090 -0.000000000 -0.080989090 0.996714988 </Rotation>
               <Translation>-0.000000000 -0.007316073 -0.026746902 </Translation>
            </Transform>
         </Instance>
         <Instance entityUid="Rd6z*:*538ce93aa65d88c9de771143"
                   name="Spring Pin, 1/8-in OD, 1/4-in L &lt;18&gt;"
                   rigidGroup="root.MEl8jQz9/CG8/O4eO"
                   uid="MTAK1NSEYm/cf5sKk">
            <Transform>
               <Rotation>1.000000000 -0.000000000 0.000000000 -0.000000000 0.968913151 0.247401102 -0.000000000 -0.247401102 0.968913151 </Rotation>
               <Translation>-0.000000000 -0.032846208 -0.101859752 </Translation>
            </Transform>
         </Instance>
         <Instance entityUid="R24P*:*538ce93aa65d88c9de771143"
                   name="Spring Pin, 1/8-in OD, 1/4-in L &lt;13&gt;"
                   rigidGroup="root.MmMT5rf8dRevUGXEq"
                   uid="MW5KbZoC0OeMwGlXa">
            <Transform>
               <Rotation>1.000000000 -0.000000000 0.000000000 -0.000000000 0.996714988 0.080989090 -0.000000000 -0.080989090 0.996714988 </Rotation>
               <Translation>-0.000000000 -0.007316073 -0.026746902 </Translation>
            </Transform>
         </Instance>
         <Instance entityUid="RB5X*:*538ce93aa65d88c9de771143" name="Lock tabs &lt;1&gt;"
                   rigidGroup="root.MmMT5rf8dRevUGXEq"
                   uid="M4AGfZo3m4UKhE3LP">
            <Transform>
               <Rotation>1.000000000 -0.000000000 0.000000000 -0.000000000 0.996714988 0.080989090 -0.000000000 -0.080989090 0.996714988 </Rotation>
               <Translation>-0.000000000 -0.007316073 -0.026746902 </Translation>
            </Transform>
         </Instance>
         <Instance entityUid="ZwABL*:*6022ce270456cc1fdc9c249b" name="Part 3 &lt;5&gt;"
                   rigidGroup="root.MwnnEORAj129v3Xk7"
                   uid="M/o5s6Qoa3RLHzY/b">
            <Transform>
               <Rotation>1.000000000 -0.000000000 0.000000000 0.000000000 0.921060509 0.389419490 -0.000000000 -0.389419490 0.921060509 </Rotation>
               <Translation>-0.000000000 -0.077434141 -0.207480125 </Translation>
            </Transform>
         </Instance>
         <Instance entityUid="Rq6n*:*77faeddc003adba5d8099293" name="Washer, #8 &lt;79&gt;"
                   rigidGroup="root.MiXgi5+2EQNhwSRjM"
                   uid="MEAovNIQHpTy79ryo">
            <Transform>
               <Rotation>1.000000000 -0.000000000 0.000000000 -0.000000000 0.968913151 0.247401102 -0.000000000 -0.247401102 0.968913151 </Rotation>
               <Translation>-0.000000000 -0.032846208 -0.101859752 </Translation>
            </Transform>
         </Instance>
         <Instance entityUid="ZTNDL*:*77faeddc003adba5d8099293" name="link2fr &lt;1&gt;"
                   rigidGroup="root.MlWgBcdY6dtjFeSsM"
                   uid="Myq4MzhPlWGr2N4DR">
            <Transform>
               <Rotation>1.000000000 -0.000000000 0.000000000 -0.000000000 0.986624236 0.163011096 -0.000000000 -0.163011096 0.986624236 </Rotation>
               <Translation>-0.000000000 -0.021321981 -0.061922719 </Translation>
            </Transform>
         </Instance>
         <Instance entityUid="ZZPDD*:*77faeddc003adba5d8099293" name="Part 824 &lt;2&gt;"
                   rigidGroup="root.MoESa7iSfocEajpze"
                   uid="MapHvw6ppnRO8k/TT">
            <Transform>
               <Rotation>1.000000000 -0.000000000 0.000000000 0.000000000 0.968913151 0.247401102 -0.000000000 -0.247401102 0.968913151 </Rotation>
               <Translation>-0.000000000 -0.032846208 -0.101859752 </Translation>
            </Transform>
         </Instance>
         <Instance entityUid="R4rn*:*77faeddc003adba5d8099293"
                   name="Spring Pin, 1/8-in OD, 1/4-in L &lt;45&gt;"
                   rigidGroup="root.MxTI9N5sgsBDegMlZ"
                   uid="MjFUCJpLEx+iCFeYg">
            <Transform>
               <Rotation>1.000000000 -0.000000000 0.000000000 0.000000000 0.999844712 -0.017622493 -0.000000000 0.017622493 0.999844712 </Rotation>
               <Translation>-0.000000000 0.002138756 0.006119247 </Translation>
            </Transform>
         </Instance>
         <Instance entityUid="Z22GT*:*6022ce270456cc1fdc9c249b" name="Screw, #10 3/4-in &lt;5&gt;"
                   rigidGroup="root.MwnnEORAj129v3Xk7"
                   uid="Mbv0bATOocEfJZNy9">
            <Transform>
               <Rotation>1.000000000 -0.000000000 0.000000000 0.000000000 0.921060509 0.389419490 -0.000000000 -0.389419490 0.921060509 </Rotation>
               <Translation>-0.000000000 -0.077434141 -0.207480125 </Translation>
            </Transform>
         </Instance>
         <Instance entityUid="RO6P*:*538ce93aa65d88c9de771143"
                   name="Spring Pin, 1/8-in OD, 1/4-in L &lt;3&gt;"
                   rigidGroup="root.MEl8jQz9/CG8/O4eO"
                   uid="M0TLqW27NuLISGZpk">
            <Transform>
               <Rotation>1.000000000 -0.000000000 0.000000000 -0.000000000 0.968913151 0.247401102 -0.000000000 -0.247401102 0.968913151 </Rotation>
               <Translation>-0.000000000 -0.032846208 -0.101859752 </Translation>
            </Transform>
         </Instance>
         <Instance entityUid="Rk5H*:*538ce93aa65d88c9de771143"
                   name="Spring Pin, 1/8-in OD, 1/4-in L &lt;2&gt;"
                   rigidGroup="root.MmMT5rf8dRevUGXEq"
                   uid="MrFtSrDH0upkpeAj0">
            <Transform>
               <Rotation>1.000000000 -0.000000000 0.000000000 -0.000000000 0.996714988 0.080989090 -0.000000000 -0.080989090 0.996714988 </Rotation>
               <Translation>-0.000000000 -0.007316073 -0.026746902 </Translation>
            </Transform>
         </Instance>
         <Instance entityUid="ZE3GP*:*6022ce270456cc1fdc9c249b" name="Washer, #10 &lt;8&gt;"
                   rigidGroup="root.MwnnEORAj129v3Xk7"
                   uid="MjDPrXMyAMWj2RLvO">
            <Transform>
               <Rotation>1.000000000 -0.000000000 0.000000000 0.000000000 0.921060509 0.389419490 -0.000000000 -0.389419490 0.921060509 </Rotation>
               <Translation>-0.000000000 -0.077434141 -0.207480125 </Translation>
            </Transform>
         </Instance>
         <Instance entityUid="ZiGHD*:*267b11cd5e5daf47522cf76c" name="bulkheads8 &lt;3&gt;"
                   rigidGroup="root.MjwBwR5t6Kfs0PkV/"
                   uid="MIcw5myjt263IyQJp">
            <Transform>
               <Rotation>1.000000000 -0.000000000 0.000000000 0.000000000 0.968913151 0.247401102 -0.000000000 -0.247401102 0.968913151 </Rotation>
               <Translation>-0.000000000 -0.032846208 -0.101859752 </Translation>
